43.69638888888888 -72.29416666666667 43.64694444444444 -72.32 63642851
43.64694444444444 -72.32 43.64722222222222 -72.31972222222223 1072496
43.64722222222222 -72.31972222222223 43.65833333333333 -72.3125 1983624
43.65833333333333 -72.3125 43.69638888888888 -72.29416666666667 23278439
43.69638888888888 -72.29416666666667 43.69638888888888 -72.29444444444444 14609854
43.69638888888888 -72.29444444444444 43.696111111111115 -72.29444444444444 22136794
43.696111111111115 -72.29444444444444 43.81972222222221 -72.22194444444445 25975391
43.81972222222221 -72.22194444444445 43.64611111111111 -72.32333333333332 5993298
43.64611111111111 -72.32333333333332 43.687777777777775 -72.2961111111111 2345522
43.687777777777775 -72.2961111111111 43.696111111111115 -72.29444444444445 3158454
43.696111111111115 -72.29444444444445 43.69611111111111 -72.29416666666667 2334584
43.69611111111111 -72.29416666666667 43.69583333333333 -72.29416666666667 86184311
43.69583333333333 -72.29416666666667 43.69583333333333 -72.29472222222222 17670147
43.69583333333333 -72.29472222222222 43.69611111111111 -72.29416666666667 3606608
43.69611111111111 -72.29416666666667 43.69583333333333 -72.29444444444444 3244427
43.69583333333333 -72.29444444444444 43.69611111111111 -72.29416666666667 15333680
43.69611111111111 -72.29416666666667 43.69638888888888 -72.29388888888889 5571226
43.69638888888888 -72.29388888888889 43.70916666666666 -72.29027777777777 29964703
43.70916666666666 -72.29027777777777 43.69583333333333 -72.29472222222222 12445844
43.69583333333333 -72.29472222222222 43.69583333333333 -72.29444444444444 360548
43.69583333333333 -72.29444444444444 43.70388888888889 -72.28666666666666 77123547
43.70388888888889 -72.28666666666666 43.69583333333333 -72.29444444444444 8657758
43.69583333333333 -72.29444444444444 43.6961111111111 -72.29416666666667 0
43.6961111111111 -72.29416666666667 43.696111111111115 -72.29472222222222 2891471
43.696111111111115 -72.29472222222222 43.64944444444444 -72.255 3677379
43.64944444444444 -72.255 43.69583333333333 -72.29388888888889 42003682
43.69583333333333 -72.29388888888889 43.696666666666665 -72.295 41306868
43.696666666666665 -72.295 43.696111111111115 -72.29444444444444 85871458
43.696111111111115 -72.29444444444444 43.69583333333333 -72.29444444444444 3452042
43.69583333333333 -72.29444444444444 43.69583333333333 -72.29444444444444 9551371
43.69583333333333 -72.29444444444444 43.69583333333333 -72.29472222222222 4916007
43.69583333333333 -72.29472222222222 43.69583333333333 -72.29388888888889 49241804
43.69583333333333 -72.29388888888889 43.69583333333333 -72.29388888888889 36965803
43.69583333333333 -72.29388888888889 43.69583333333333 -72.29444444444444 3250756
43.69583333333333 -72.29444444444444 43.696111111111115 -72.29416666666667 1083958
43.696111111111115 -72.29416666666667 43.69583333333333 -72.29444444444444 1796165
43.69583333333333 -72.29444444444444 43.70194444444445 -72.29027777777777 58073275
43.70194444444445 -72.29027777777777 43.64527777777778 -72.2625 21854038
43.64527777777778 -72.2625 43.69611111111111 -72.29472222222222 8377060
43.69611111111111 -72.29472222222222 43.6961111111111 -72.29444444444444 54765230
43.6961111111111 -72.29444444444444 43.69611111111111 -72.29388888888889 25627588
43.69611111111111 -72.29388888888889 43.685555555555545 -72.2961111111111 39033064
43.685555555555545 -72.2961111111111 43.69611111111111 -72.29444444444444 24531919
43.69611111111111 -72.29444444444444 43.69611111111111 -72.29416666666667 6906831
43.69611111111111 -72.29416666666667 43.70333333333333 -72.2863888888889 68156978
43.70333333333333 -72.2863888888889 43.7075 -72.30944444444444 1443262
43.7075 -72.30944444444444 43.708333333333336 -72.30833333333334 190351
43.708333333333336 -72.30833333333334 43.70805555555556 -72.30888888888889 2703071
43.70805555555556 -72.30888888888889 43.64972222222222 -72.25527777777778 9742061
43.64972222222222 -72.25527777777778 43.65 -72.25416666666666 5241185
43.65 -72.25416666666666 43.69611111111111 -72.29416666666667 4018509
43.69611111111111 -72.29416666666667 43.69611111111111 -72.29444444444444 12293976
43.69611111111111 -72.29444444444444 43.69583333333333 -72.2936111111111 39387865
43.69583333333333 -72.2936111111111 43.69611111111111 -72.29416666666667 5793863
43.69611111111111 -72.29416666666667 43.69583333333333 -72.29416666666667 34323465
43.69583333333333 -72.29416666666667 43.6961111111111 -72.29444444444444 82740249
43.6961111111111 -72.29444444444444 43.656388888888884 -72.25666666666666 48383658
43.656388888888884 -72.25666666666666 43.705555555555556 -72.2863888888889 6853375
43.705555555555556 -72.2863888888889 43.70222222222222 -72.28999999999999 3607923
43.70222222222222 -72.28999999999999 43.696388888888876 -72.29444444444444 4168344
43.696388888888876 -72.29444444444444 43.69611111111111 -72.29444444444444 1824732
43.69611111111111 -72.29444444444444 43.69611111111111 -72.29444444444444 1983822
43.69611111111111 -72.29444444444444 43.696111111111115 -72.29444444444444 75234186
43.696111111111115 -72.29444444444444 43.69638888888888 -72.29444444444444 902118
43.69638888888888 -72.29444444444444 43.70777777777778 -72.3086111111111 8097128
43.70777777777778 -72.3086111111111 43.70777777777778 -72.30833333333334 1443174
43.70777777777778 -72.30833333333334 43.70805555555556 -72.30888888888889 551781
43.70805555555556 -72.30888888888889 43.70805555555556 -72.30888888888889 540823
43.70805555555556 -72.30888888888889 43.70805555555555 -72.30888888888889 350538
43.70805555555555 -72.30888888888889 43.646388888888886 -72.2625 12820623
43.646388888888886 -72.2625 43.7013888888889 -72.29111111111112 7329820
43.7013888888889 -72.29111111111112 43.69555555555554 -72.29416666666667 72750672
43.69555555555554 -72.29416666666667 43.69555555555554 -72.29416666666667 22637828
43.69555555555554 -72.29416666666667 43.6961111111111 -72.29444444444444 1813943
43.6961111111111 -72.29444444444444 43.645833333333336 -72.32305555555556 27521885
43.645833333333336 -72.32305555555556 43.646388888888886 -72.32333333333332 4689733
