43.70444444444445 -72.30138888888888 43.70472222222222 -72.30111111111113 23404171
43.70472222222222 -72.30111111111113 43.705 -72.30138888888888 731088
43.705 -72.30138888888888 43.70416666666667 -72.30083333333333 901404
43.70416666666667 -72.30083333333333 43.705000000000005 -72.30111111111111 25784899
43.705000000000005 -72.30111111111111 43.70472222222222 -72.30083333333333 350504
43.70472222222222 -72.30083333333333 43.70444444444445 -72.30111111111111 3236244
43.70444444444445 -72.30111111111111 43.70444444444445 -72.30111111111113 3066459
43.70444444444445 -72.30111111111113 43.70472222222223 -72.30083333333333 13895243
43.70472222222223 -72.30083333333333 43.70416666666667 -72.30111111111111 3956564
43.70416666666667 -72.30111111111111 43.70444444444445 -72.30138888888888 180287
43.70444444444445 -72.30138888888888 43.70444444444445 -72.30083333333333 530546
43.70444444444445 -72.30083333333333 43.70444444444445 -72.30083333333333 2886074
43.70444444444445 -72.30083333333333 43.704166666666666 -72.30083333333333 11913135
43.704166666666666 -72.30083333333333 43.70444444444445 -72.30083333333333 1984060
43.70444444444445 -72.30083333333333 43.70444444444445 -72.30055555555555 530888
43.70444444444445 -72.30055555555555 43.705000000000005 -72.30111111111113 659042350
43.705000000000005 -72.30111111111113 43.70472222222222 -72.30111111111111 41430459
43.70472222222222 -72.30111111111111 43.70444444444445 -72.30111111111113 25789260
43.70444444444445 -72.30111111111113 43.70444444444445 -72.30111111111111 2705305
43.70444444444445 -72.30111111111111 43.71055555555556 -72.28916666666666 2894997
43.71055555555556 -72.28916666666666 43.71055555555556 -72.28916666666666 380620
43.71055555555556 -72.28916666666666 43.71083333333333 -72.28916666666666 0
43.71083333333333 -72.28916666666666 43.71083333333333 -72.28916666666667 13541876
43.71083333333333 -72.28916666666667 43.70472222222222 -72.30083333333333 23172185
43.70472222222222 -72.30083333333333 43.70472222222222 -72.30083333333333 96810158
43.70472222222222 -72.30083333333333 43.70444444444445 -72.30083333333333 73197929
43.70444444444445 -72.30083333333333 43.70472222222223 -72.30083333333333 180248
43.70472222222223 -72.30083333333333 43.70472222222223 -72.30055555555555 180241
43.70472222222223 -72.30055555555555 43.71138888888889 -72.28999999999999 170100388
43.71138888888889 -72.28999999999999 43.70444444444445 -72.30083333333333 4116086
43.70444444444445 -72.30083333333333 43.70444444444445 -72.30083333333333 540888
43.70444444444445 -72.30083333333333 43.70416666666667 -72.30111111111113 8654658
43.70416666666667 -72.30111111111113 43.70444444444445 -72.30083333333333 117670289
43.70444444444445 -72.30083333333333 43.70444444444445 -72.30111111111113 0
43.70444444444445 -72.30111111111113 43.711111111111116 -72.29138888888889 44421430
