43.71 -72.28777777777778 43.702222222222225 -72.29083333333334 41866285
43.702222222222225 -72.29083333333334 43.70249999999999 -72.2911111111111 1431985
43.70249999999999 -72.2911111111111 43.70194444444445 -72.2911111111111 2161550
43.70194444444445 -72.2911111111111 43.70194444444445 -72.29138888888887 2344753
43.70194444444445 -72.29138888888887 43.70222222222223 -72.2911111111111 3785935
43.70222222222223 -72.2911111111111 43.70222222222223 -72.29138888888889 1081738
43.70222222222223 -72.29138888888889 43.70222222222223 -72.29138888888886 20886595
43.70222222222223 -72.29138888888886 43.70222222222223 -72.2911111111111 3782028
43.70222222222223 -72.2911111111111 43.70416666666667 -72.29333333333334 22644191
43.70416666666667 -72.29333333333334 43.70194444444445 -72.2911111111111 8543633
43.70194444444445 -72.2911111111111 43.702222222222225 -72.2911111111111 360585
43.702222222222225 -72.2911111111111 43.702222222222225 -72.29138888888889 3786896
43.702222222222225 -72.29138888888889 43.702222222222225 -72.29138888888889 360524
43.702222222222225 -72.29138888888889 43.70222222222223 -72.2911111111111 901750
43.70222222222223 -72.2911111111111 43.70194444444445 -72.2911111111111 170258
43.70194444444445 -72.2911111111111 43.702222222222225 -72.2911111111111 1442839
43.702222222222225 -72.2911111111111 43.702222222222225 -72.29138888888889 711171
43.702222222222225 -72.29138888888889 43.70194444444445 -72.2911111111111 731181
43.70194444444445 -72.2911111111111 43.70222222222223 -72.2911111111111 901324
43.70222222222223 -72.2911111111111 43.70222222222223 -72.2911111111111 2704642
43.70222222222223 -72.2911111111111 43.702222222222225 -72.2911111111111 1793451
43.702222222222225 -72.2911111111111 43.702222222222225 -72.29138888888889 0
43.702222222222225 -72.29138888888889 43.702222222222225 -72.29083333333334 180285
43.702222222222225 -72.29083333333334 43.702222222222225 -72.29138888888889 2534311
43.702222222222225 -72.29138888888889 43.70222222222223 -72.29138888888889 370621
43.70222222222223 -72.29138888888889 43.70194444444445 -72.29138888888889 3786325
43.70194444444445 -72.29138888888889 43.702222222222225 -72.2911111111111 0
43.702222222222225 -72.2911111111111 43.702222222222225 -72.29138888888889 190341
43.702222222222225 -72.29138888888889 43.702222222222225 -72.29138888888889 0
43.702222222222225 -72.29138888888889 43.702222222222225 -72.2911111111111 1983826
43.702222222222225 -72.2911111111111 43.702222222222225 -72.2911111111111 361127
43.702222222222225 -72.2911111111111 43.70222222222223 -72.2911111111111 23762878
43.70222222222223 -72.2911111111111 43.64388888888889 -72.31888888888888 28620246
43.64388888888889 -72.31888888888888 43.71083333333333 -72.28972222222222 8908068
43.71083333333333 -72.28972222222222 43.702222222222225 -72.29083333333334 5700723
43.702222222222225 -72.29083333333334 43.70222222222224 -72.29138888888887 2354950
43.70222222222224 -72.29138888888887 43.702222222222225 -72.29138888888889 5599054
43.702222222222225 -72.29138888888889 43.702222222222225 -72.2911111111111 360766
43.702222222222225 -72.2911111111111 43.70194444444445 -72.29138888888889 3245810
43.70194444444445 -72.29138888888889 43.70222222222223 -72.2911111111111 180271
43.70222222222223 -72.2911111111111 43.702222222222225 -72.2911111111111 1974085
43.702222222222225 -72.2911111111111 43.70222222222223 -72.2911111111111 360579
43.70222222222223 -72.2911111111111 43.702222222222225 -72.29111111111112 541274
43.702222222222225 -72.29111111111112 43.7025 -72.29138888888889 51765298
43.7025 -72.29138888888889 43.70194444444445 -72.29138888888889 361064
43.70194444444445 -72.29138888888889 43.70222222222223 -72.2911111111111 406789
43.70222222222223 -72.2911111111111 43.702222222222225 -72.29083333333334 4245392
43.702222222222225 -72.29083333333334 43.702222222222225 -72.2911111111111 11857340
43.702222222222225 -72.2911111111111 43.70222222222221 -72.29111111111114 500310
43.70222222222221 -72.29111111111114 43.70222222222224 -72.29111111111112 5777093
43.70222222222224 -72.29111111111112 43.70249999999999 -72.29138888888889 541432
43.70249999999999 -72.29138888888889 43.70222222222223 -72.29138888888887 1993597
43.70222222222223 -72.29138888888887 43.70277777777778 -72.29083333333334 24319214
43.70277777777778 -72.29083333333334 43.70111111111111 -72.29222222222222 5787975
43.70111111111111 -72.29222222222222 43.724722222222226 -72.31333333333333 31169285
43.724722222222226 -72.31333333333333 43.724722222222226 -72.3136111111111 816410
43.724722222222226 -72.3136111111111 43.724722222222226 -72.31361111111111 2833547
43.724722222222226 -72.31361111111111 43.725277777777784 -72.31277777777777 651314
43.725277777777784 -72.31277777777777 43.70222222222223 -72.2911111111111 5399301
43.70222222222223 -72.2911111111111 43.70249999999999 -72.2911111111111 1452964
43.70249999999999 -72.2911111111111 43.70222222222223 -72.2911111111111 5213315
43.70222222222223 -72.2911111111111 43.70222222222223 -72.2911111111111 541570
43.70222222222223 -72.2911111111111 43.702222222222225 -72.2911111111111 891478
43.702222222222225 -72.2911111111111 43.702222222222225 -72.2911111111111 1623050
43.702222222222225 -72.2911111111111 43.702222222222225 -72.2911111111111 731229
43.702222222222225 -72.2911111111111 43.70194444444445 -72.29138888888889 1443048
43.70194444444445 -72.29138888888889 43.70222222222223 -72.2911111111111 190314
43.70222222222223 -72.2911111111111 43.702222222222225 -72.2911111111111 1431226
43.702222222222225 -72.2911111111111 43.70222222222224 -72.29111111111112 180324
43.70222222222224 -72.29111111111112 43.70222222222223 -72.2911111111111 7017412
43.70222222222223 -72.2911111111111 43.70222222222223 -72.2911111111111 360513
43.70222222222223 -72.2911111111111 43.70222222222223 -72.2911111111111 1081832
43.70222222222223 -72.2911111111111 43.702222222222225 -72.2911111111111 180297
43.702222222222225 -72.2911111111111 43.702222222222225 -72.2911111111111 0
43.702222222222225 -72.2911111111111 43.70194444444445 -72.29138888888889 550891
43.70194444444445 -72.29138888888889 43.7025 -72.29083333333334 1443206
43.7025 -72.29083333333334 43.701666666666675 -72.2936111111111 36067583
43.701666666666675 -72.2936111111111 43.70194444444445 -72.29138888888889 34303518
43.70194444444445 -72.29138888888889 43.70194444444445 -72.2911111111111 721187
43.70194444444445 -72.2911111111111 43.70222222222223 -72.2911111111111 360600
43.70222222222223 -72.2911111111111 43.70222222222223 -72.29111111111112 6861920
43.70222222222223 -72.29111111111112 43.702222222222225 -72.2911111111111 22181095
43.702222222222225 -72.2911111111111 43.70222222222223 -72.2911111111111 7936543
43.70222222222223 -72.2911111111111 43.66 -72.32333333333332 2705850
43.66 -72.32333333333332 43.66 -72.32277777777777 360891
43.66 -72.32277777777777 43.66027777777777 -72.32305555555557 711361
43.66027777777777 -72.32305555555557 43.66027777777778 -72.32305555555556 1264020
43.66027777777778 -72.32305555555556 43.65888888888889 -72.31638888888888 74401337
43.65888888888889 -72.31638888888888 43.70222222222223 -72.29138888888889 2537934
43.70222222222223 -72.29138888888889 43.70194444444445 -72.2911111111111 169283
43.70194444444445 -72.2911111111111 43.70194444444445 -72.2911111111111 16205176
43.70194444444445 -72.2911111111111 43.70249999999999 -72.2911111111111 3982701
43.70249999999999 -72.2911111111111 43.70249999999999 -72.2911111111111 39706088
43.70249999999999 -72.2911111111111 43.702222222222225 -72.2911111111111 1252845
43.702222222222225 -72.2911111111111 43.702222222222225 -72.29083333333334 0
43.702222222222225 -72.29083333333334 43.702222222222225 -72.2911111111111 1263061
43.702222222222225 -72.2911111111111 42.893888888888895 -72.5625 8311727
42.893888888888895 -72.5625 40.7886111111111 -74.01305555555554 15978390
40.7886111111111 -74.01305555555554 40.78888888888889 -74.01722222222222 59508281
40.78888888888889 -74.01722222222222 40.78805555555555 -74.01305555555555 1279752
40.78805555555555 -74.01305555555555 40.78805555555555 -74.01333333333334 14182577
40.78805555555555 -74.01333333333334 40.788333333333334 -74.01305555555555 1251924
40.788333333333334 -74.01305555555555 40.78833333333334 -74.01305555555554 64065348
40.78833333333334 -74.01305555555554 40.788333333333334 -74.01333333333334 5216809
40.788333333333334 -74.01333333333334 40.7886111111111 -74.01305555555554 1091880
40.7886111111111 -74.01305555555554 40.78861111111111 -74.01305555555555 7367516
40.78861111111111 -74.01305555555555 40.81972222222222 -73.98611111111111 10989399
40.81972222222222 -73.98611111111111 43.702222222222225 -72.29138888888889 67783892
43.702222222222225 -72.29138888888889 43.702222222222225 -72.2911111111111 0
43.702222222222225 -72.2911111111111 43.702222222222225 -72.2911111111111 721415
43.702222222222225 -72.2911111111111 43.702222222222225 -72.29111111111112 541122
43.702222222222225 -72.29111111111112 43.70222222222222 -72.29111111111112 2162073
43.70222222222222 -72.29111111111112 43.70222222222223 -72.2911111111111 360261
43.70222222222223 -72.2911111111111 43.702222222222225 -72.29111111111112 1440720
43.702222222222225 -72.29111111111112 43.702222222222225 -72.29111111111112 360661
43.702222222222225 -72.29111111111112 43.702222222222225 -72.29083333333334 180290
43.702222222222225 -72.29083333333334 43.70194444444445 -72.29138888888889 2705107
43.70194444444445 -72.29138888888889 43.7025 -72.29083333333334 721712
43.7025 -72.29083333333334 43.71055555555556 -72.29055555555556 2144959
43.71055555555556 -72.29055555555556 43.702222222222225 -72.29138888888889 53626549
43.702222222222225 -72.29138888888889 43.65888888888889 -72.31583333333333 118383910
43.65888888888889 -72.31583333333333 43.70166666666667 -72.2936111111111 182589395
43.70166666666667 -72.2936111111111 43.70166666666666 -72.29333333333334 360578
43.70166666666666 -72.29333333333334 43.70194444444445 -72.29083333333334 13343620
43.70194444444445 -72.29083333333334 43.70250000000001 -72.2911111111111 180434
43.70250000000001 -72.2911111111111 43.702222222222225 -72.2911111111111 120245
43.702222222222225 -72.2911111111111 43.70222222222223 -72.29138888888889 4868749
43.70222222222223 -72.29138888888889 43.702222222222225 -72.2911111111111 360583
43.702222222222225 -72.2911111111111 43.70222222222223 -72.29111111111112 1802044
43.70222222222223 -72.29111111111112 43.702222222222225 -72.29138888888889 139479536
43.702222222222225 -72.29138888888889 43.702222222222225 -72.2911111111111 2711097
43.702222222222225 -72.2911111111111 43.70111111111111 -72.2925 34619146
43.70111111111111 -72.2925 43.70111111111111 -72.29222222222222 180297
43.70111111111111 -72.29222222222222 43.70249999999999 -72.2911111111111 30324220
43.70249999999999 -72.2911111111111 43.70194444444445 -72.29138888888887 1623802
43.70194444444445 -72.29138888888887 43.702222222222225 -72.2911111111111 540901
43.702222222222225 -72.2911111111111 43.702222222222225 -72.2911111111111 2163020
43.702222222222225 -72.2911111111111 43.70249999999999 -72.29083333333334 5581412
43.70249999999999 -72.29083333333334 43.70250000000001 -72.2911111111111 3063933
43.70250000000001 -72.2911111111111 43.70194444444445 -72.29138888888889 1616496
43.70194444444445 -72.29138888888889 43.702222222222225 -72.2911111111111 1082080
43.702222222222225 -72.2911111111111 43.70222222222223 -72.29138888888889 370617
43.70222222222223 -72.29138888888889 43.702222222222225 -72.2911111111111 3436346
