43.64055555555556 -72.28388888888888 43.64083333333333 -72.28388888888888 721160
43.64083333333333 -72.28388888888888 43.69361111111112 -72.2977777777778 280102720
43.69361111111112 -72.2977777777778 43.71055555555555 -72.29055555555556 5410150
43.71055555555555 -72.29055555555556 43.710833333333326 -72.29055555555556 0
43.710833333333326 -72.29055555555556 43.710833333333326 -72.29055555555556 540848
43.710833333333326 -72.29055555555556 43.70166666666667 -72.2925 8104831
43.70166666666667 -72.2925 43.68194444444444 -72.35055555555554 82895450
43.68194444444444 -72.35055555555554 43.69388888888888 -72.2975 41274627
43.69388888888888 -72.2975 43.69361111111111 -72.29777777777778 372576030
43.69361111111111 -72.29777777777778 43.725 -72.315 96468685
43.725 -72.315 43.724722222222226 -72.31527777777778 1262275
43.724722222222226 -72.31527777777778 43.724722222222226 -72.31527777777778 361829
43.724722222222226 -72.31527777777778 43.69361111111111 -72.2975 59784824
43.69361111111111 -72.2975 44.04027777777777 -73.01666666666667 10886376
44.04027777777777 -73.01666666666667 44.06638888888889 -73.0188888888889 1570295
44.06638888888889 -73.0188888888889 44.06638888888889 -73.02 740165
