43.63166666666667 -72.33194444444442 43.70722222222222 -72.28916666666666 2705028
43.70722222222222 -72.28916666666666 43.70694444444444 -72.28916666666666 180265
43.70694444444444 -72.28916666666666 43.696388888888876 -72.27750000000002 2704265
43.696388888888876 -72.27750000000002 43.711666666666666 -72.2875 4495486
43.711666666666666 -72.2875 43.69694444444443 -72.2775 81476655
43.69694444444443 -72.2775 43.696666666666665 -72.27750000000002 15535783
43.696666666666665 -72.27750000000002 43.696666666666665 -72.27750000000002 540763
43.696666666666665 -72.27750000000002 43.69638888888888 -72.27722222222222 7574565
43.69638888888888 -72.27722222222222 43.696666666666665 -72.26666666666667 173996
43.696666666666665 -72.26666666666667 43.70777777777777 -72.28944444444444 330440
43.70777777777777 -72.28944444444444 43.710555555555565 -72.28972222222222 24741446
43.710555555555565 -72.28972222222222 43.696388888888876 -72.26666666666667 7380400
43.696388888888876 -72.26666666666667 43.696111111111115 -72.26666666666667 0
43.696111111111115 -72.26666666666667 43.696666666666665 -72.2775 10444346
43.696666666666665 -72.2775 43.696666666666665 -72.2775 350490
43.696666666666665 -72.2775 43.696388888888876 -72.27750000000002 40037853
43.696388888888876 -72.27750000000002 43.696666666666665 -72.27750000000002 11548291
43.696666666666665 -72.27750000000002 43.696666666666665 -72.27750000000002 374170
43.696666666666665 -72.27750000000002 43.69638888888888 -72.2775 710979
43.69638888888888 -72.2775 43.7088888888889 -72.29194444444444 1372548
43.7088888888889 -72.29194444444444 43.69638888888888 -72.26666666666667 74214447
43.69638888888888 -72.26666666666667 43.696111111111115 -72.26666666666667 7395069
43.696111111111115 -72.26666666666667 43.696666666666665 -72.27750000000002 1993067
43.696666666666665 -72.27750000000002 43.696388888888876 -72.26694444444445 2342048
43.696388888888876 -72.26694444444445 43.696666666666665 -72.26666666666667 11725776
43.696666666666665 -72.26666666666667 43.696666666666665 -72.26666666666667 0
43.696666666666665 -72.26666666666667 43.69638888888888 -72.27722222222222 710955
43.69638888888888 -72.27722222222222 43.696666666666665 -72.27750000000002 1081611
43.696666666666665 -72.27750000000002 43.696666666666665 -72.2775 350485
43.696666666666665 -72.2775 43.71194444444445 -72.28666666666666 59320425
43.71194444444445 -72.28666666666666 43.696666666666665 -72.27722222222222 42853334
43.696666666666665 -72.27722222222222 47.568333333333335 -19.074722222222224 488196416
47.568333333333335 -19.074722222222224 47.568333333333335 -19.075 0
47.568333333333335 -19.075 47.56861111111112 -19.074722222222224 1612221
47.56861111111112 -19.074722222222224 47.58472222222223 -19.07638888888889 3817441
47.58472222222223 -19.07638888888889 47.53527777777777 -19.035833333333333 1803596
47.53527777777777 -19.035833333333333 47.53638888888889 -19.033611111111114 140434617
