43.710555555555565 -72.28916666666667 43.71027777777778 -72.28944444444444 3916667
43.71027777777778 -72.28944444444444 43.69611111111111 -72.29388888888889 12911017
43.69611111111111 -72.29388888888889 43.69583333333333 -72.29416666666667 11021097
43.69583333333333 -72.29416666666667 43.710555555555565 -72.28972222222222 38580509
43.710555555555565 -72.28972222222222 43.710555555555565 -72.28944444444444 11057634
43.710555555555565 -72.28944444444444 43.70249999999999 -72.29333333333332 35439943
43.70249999999999 -72.29333333333332 43.702777777777776 -72.28694444444444 3605937
43.702777777777776 -72.28694444444444 43.6961111111111 -72.29416666666667 33123226
43.6961111111111 -72.29416666666667 43.69638888888887 -72.29444444444445 3826769
43.69638888888887 -72.29444444444445 43.696111111111115 -72.29444444444445 14424038
43.696111111111115 -72.29444444444445 43.696111111111115 -72.29416666666667 1803366
43.696111111111115 -72.29416666666667 43.69583333333333 -72.29444444444444 4507605
43.69583333333333 -72.29444444444444 43.69583333333333 -72.29416666666667 6871941
43.69583333333333 -72.29416666666667 43.69638888888888 -72.29388888888889 2153540
43.69638888888888 -72.29388888888889 43.696111111111115 -72.29444444444445 12260243
43.696111111111115 -72.29444444444445 43.69555555555555 -72.29388888888889 7933163
43.69555555555555 -72.29388888888889 43.69611111111111 -72.29472222222222 4137089
43.69611111111111 -72.29472222222222 43.69611111111111 -72.29444444444444 721134
43.69611111111111 -72.29444444444444 43.69583333333333 -72.29527777777777 1622671
43.69583333333333 -72.29527777777777 43.696111111111115 -72.29305555555555 1262023
43.696111111111115 -72.29305555555555 43.69638888888888 -72.29416666666667 1262047
43.69638888888888 -72.29416666666667 43.69583333333333 -72.29416666666667 1282126
43.69583333333333 -72.29416666666667 43.696111111111115 -72.29416666666667 4871928
43.696111111111115 -72.29416666666667 43.696111111111115 -72.29416666666667 1994576
43.696111111111115 -72.29416666666667 43.69611111111111 -72.29444444444444 8842683
43.69611111111111 -72.29444444444444 43.21194444444445 -71.53944444444444 14469214
43.21194444444445 -71.53944444444444 43.63333333333333 -72.32194444444444 8658844
43.63333333333333 -72.32194444444444 43.63333333333333 -72.32222222222222 180289
43.63333333333333 -72.32222222222222 43.63333333333333 -72.32194444444444 1081739
43.63333333333333 -72.32194444444444 43.63333333333333 -72.32222222222222 541057
43.63333333333333 -72.32222222222222 43.63333333333333 -72.32194444444444 540880
43.63333333333333 -72.32194444444444 43.64416666666666 -72.32194444444444 541539
43.64416666666666 -72.32194444444444 43.64416666666667 -72.32194444444444 1442521
43.64416666666667 -72.32194444444444 43.69583333333333 -72.29472222222222 11388690
43.69583333333333 -72.29472222222222 43.69638888888888 -72.29472222222222 14604446
43.69638888888888 -72.29472222222222 43.69583333333333 -72.29472222222222 4326906
43.69583333333333 -72.29472222222222 43.69583333333333 -72.29472222222222 360671
43.69583333333333 -72.29472222222222 43.696111111111115 -72.29444444444444 6125562
43.696111111111115 -72.29444444444444 43.696111111111115 -72.29444444444444 7386772
43.696111111111115 -72.29444444444444 43.69611111111111 -72.29416666666667 2706993
43.69611111111111 -72.29416666666667 43.69611111111111 -72.29444444444444 6496961
43.69611111111111 -72.29444444444444 43.70388888888889 -72.28444444444445 13185560
43.70388888888889 -72.28444444444445 43.724722222222226 -72.31361111111111 25823728
43.724722222222226 -72.31361111111111 43.696111111111115 -72.29472222222222 91956293
43.696111111111115 -72.29472222222222 43.6961111111111 -72.29416666666667 4231767
43.6961111111111 -72.29416666666667 43.69638888888888 -72.29444444444444 761197
43.69638888888888 -72.29444444444444 43.696111111111115 -72.29388888888889 11199002
43.696111111111115 -72.29388888888889 43.69638888888888 -72.29416666666667 5141890
43.69638888888888 -72.29416666666667 43.69583333333333 -72.29472222222222 2164724
43.69583333333333 -72.29472222222222 43.69583333333333 -72.29416666666667 3428699
43.69583333333333 -72.29416666666667 43.69583333333333 -72.29444444444444 210396
43.69583333333333 -72.29444444444444 43.69583333333333 -72.29416666666667 1954267
43.69583333333333 -72.29416666666667 43.696111111111115 -72.29416666666667 2526169
43.696111111111115 -72.29416666666667 43.71138888888889 -72.28972222222222 120293919
43.71138888888889 -72.28972222222222 43.69611111111111 -72.29416666666667 16836621
43.69611111111111 -72.29416666666667 43.6961111111111 -72.29388888888889 2185566
43.6961111111111 -72.29388888888889 43.69611111111111 -72.29416666666667 75585285
43.69611111111111 -72.29416666666667 43.69583333333333 -72.29388888888889 711184
43.69583333333333 -72.29388888888889 43.69583333333333 -72.29416666666667 6480885
43.69583333333333 -72.29416666666667 43.69611111111111 -72.29444444444444 520778
43.69611111111111 -72.29444444444444 43.69583333333333 -72.29527777777777 17603197
43.69583333333333 -72.29527777777777 43.696111111111115 -72.29444444444444 15515204
43.696111111111115 -72.29444444444444 43.696111111111115 -72.29444444444444 913356
43.696111111111115 -72.29444444444444 43.69638888888888 -72.29444444444444 3929127
43.69638888888888 -72.29444444444444 43.69611111111111 -72.29416666666667 6286985
43.69611111111111 -72.29416666666667 43.69611111111111 -72.29388888888889 170314
43.69611111111111 -72.29388888888889 43.71 -72.31083333333333 4652405
43.71 -72.31083333333333 43.70083333333334 -72.30611111111111 4520609
43.70083333333334 -72.30611111111111 43.696111111111115 -72.29416666666667 9209933
43.696111111111115 -72.29416666666667 43.696111111111115 -72.29444444444445 7767460
43.696111111111115 -72.29444444444445 43.696111111111115 -72.29416666666667 711263
43.696111111111115 -72.29416666666667 43.68055555555555 -72.35222222222222 19552921
43.68055555555555 -72.35222222222222 43.696111111111115 -72.29416666666667 10301548
43.696111111111115 -72.29416666666667 43.69611111111111 -72.29416666666667 2324370
43.69611111111111 -72.29416666666667 43.69583333333333 -72.29444444444444 10666155
43.69583333333333 -72.29444444444444 43.69638888888888 -72.29444444444444 14797435
43.69638888888888 -72.29444444444444 43.69583333333333 -72.29416666666667 2324828
43.69583333333333 -72.29416666666667 43.69583333333333 -72.29416666666667 410564
43.69583333333333 -72.29416666666667 43.69638888888888 -72.29388888888889 3427925
43.69638888888888 -72.29388888888889 43.696111111111115 -72.29416666666667 1082622
43.696111111111115 -72.29416666666667 43.696388888888876 -72.29416666666667 8302136
43.696388888888876 -72.29416666666667 43.69611111111111 -72.29472222222222 2323823
43.69611111111111 -72.29472222222222 43.67444444444444 -72.29833333333333 2355609
43.67444444444444 -72.29833333333333 43.67444444444444 -72.29805555555555 1081711
43.67444444444444 -72.29805555555555 43.696111111111115 -72.29472222222222 22378774
43.696111111111115 -72.29472222222222 43.69611111111111 -72.29416666666667 8480032
43.69611111111111 -72.29416666666667 43.69555555555555 -72.29416666666667 550861
43.69555555555555 -72.29416666666667 43.69555555555555 -72.29444444444444 0
43.69555555555555 -72.29444444444444 43.69611111111111 -72.29416666666667 1625058
43.69611111111111 -72.29416666666667 43.696111111111115 -72.29444444444444 1082566
43.696111111111115 -72.29444444444444 43.69583333333333 -72.29444444444444 2355908
43.69583333333333 -72.29444444444444 43.69611111111111 -72.29444444444444 3778313
43.69611111111111 -72.29444444444444 43.71194444444445 -72.28888888888889 16329979
43.71194444444445 -72.28888888888889 43.70277777777778 -72.28583333333333 12183102
43.70277777777778 -72.28583333333333 43.70472222222222 -72.29444444444444 24388998
43.70472222222222 -72.29444444444444 43.69638888888888 -72.29444444444445 15040472
43.69638888888888 -72.29444444444445 43.69583333333333 -72.29444444444444 721135
43.69583333333333 -72.29444444444444 43.695277777777775 -72.29444444444444 1986196
43.695277777777775 -72.29444444444444 43.69583333333333 -72.29444444444444 0
43.69583333333333 -72.29444444444444 43.696388888888876 -72.29416666666667 15518614
43.696388888888876 -72.29416666666667 43.69583333333333 -72.29444444444444 1455131
43.69583333333333 -72.29444444444444 43.69583333333333 -72.29416666666667 4681610
43.69583333333333 -72.29416666666667 43.71138888888889 -72.28916666666666 9061636
43.71138888888889 -72.28916666666666 43.70250000000001 -72.28555555555555 11893235
43.70250000000001 -72.28555555555555 43.7025 -72.28583333333333 1814811
43.7025 -72.28583333333333 43.709999999999994 -72.3 23646303
43.709999999999994 -72.3 43.70999999999999 -72.31083333333333 540974
43.70999999999999 -72.31083333333333 43.7 -72.29027777777777 4520565
43.7 -72.29027777777777 43.71055555555555 -72.29027777777777 5231552
43.71055555555555 -72.29027777777777 43.71055555555555 -72.29027777777777 0
43.71055555555555 -72.29027777777777 43.71055555555556 -72.29055555555556 0
43.71055555555556 -72.29055555555556 43.699999999999996 -72.29083333333334 1622634
43.699999999999996 -72.29083333333334 43.696111111111115 -72.29444444444445 1513957
43.696111111111115 -72.29444444444445 43.69611111111111 -72.29416666666667 0
43.69611111111111 -72.29416666666667 43.69611111111111 -72.29416666666667 8124692
43.69611111111111 -72.29416666666667 43.696111111111115 -72.29416666666667 2706124
43.696111111111115 -72.29416666666667 43.69611111111111 -72.29472222222222 2344819
43.69611111111111 -72.29472222222222 43.69611111111111 -72.29416666666667 180389
43.69611111111111 -72.29416666666667 43.696388888888876 -72.29388888888889 3249086
43.696388888888876 -72.29388888888889 43.696666666666665 -72.29416666666667 2885430
43.696666666666665 -72.29416666666667 43.69583333333333 -72.29444444444444 5411791
43.69583333333333 -72.29444444444444 43.696111111111115 -72.29444444444445 63366947
43.696111111111115 -72.29444444444445 43.69638888888888 -72.29416666666667 6764583
43.69638888888888 -72.29416666666667 43.69638888888888 -72.29416666666667 6637340
43.69638888888888 -72.29416666666667 43.6961111111111 -72.29444444444444 4721729
43.6961111111111 -72.29444444444444 43.6961111111111 -72.29416666666667 1274064
43.6961111111111 -72.29416666666667 43.7025 -72.28583333333333 22912087
43.7025 -72.28583333333333 43.70305555555556 -72.28583333333333 180286
43.70305555555556 -72.28583333333333 43.696111111111115 -72.29416666666667 44416066
43.696111111111115 -72.29416666666667 43.69583333333333 -72.29444444444444 2166649
43.69583333333333 -72.29444444444444 43.69611111111111 -72.29416666666667 1634623
43.69611111111111 -72.29416666666667 43.69638888888888 -72.29388888888889 861349
43.69638888888888 -72.29388888888889 43.69611111111111 -72.29472222222222 2888446
43.69611111111111 -72.29472222222222 43.69777777777778 -72.29444444444444 5783050
43.69777777777778 -72.29444444444444 43.69611111111111 -72.29444444444444 1442528
43.69611111111111 -72.29444444444444 43.696111111111115 -72.29416666666667 503707
43.696111111111115 -72.29416666666667 43.696111111111115 -72.29444444444444 3227947
43.696111111111115 -72.29444444444444 43.69638888888888 -72.29444444444444 721852
43.69638888888888 -72.29444444444444 43.69611111111111 -72.29472222222222 4149616
43.69611111111111 -72.29472222222222 43.69583333333333 -72.29416666666667 3437391
43.69583333333333 -72.29416666666667 43.69611111111111 -72.29416666666667 1081988
43.69611111111111 -72.29416666666667 43.69583333333333 -72.29444444444444 893712
43.69583333333333 -72.29444444444444 43.696666666666665 -72.29472222222222 490806
43.696666666666665 -72.29472222222222 43.69583333333333 -72.29416666666667 160272
43.69583333333333 -72.29416666666667 43.696111111111115 -72.29444444444444 2186281
43.696111111111115 -72.29444444444444 43.69583333333333 -72.29416666666667 360648
43.69583333333333 -72.29416666666667 43.69611111111111 -72.29416666666667 5231458
43.69611111111111 -72.29416666666667 43.69583333333333 -72.29388888888889 721140
43.69583333333333 -72.29388888888889 43.696111111111115 -72.29416666666667 3789726
43.696111111111115 -72.29416666666667 43.6961111111111 -72.29416666666667 2344907
43.6961111111111 -72.29416666666667 43.6961111111111 -72.29527777777777 2344860
43.6961111111111 -72.29527777777777 43.69611111111111 -72.29416666666667 1442251
43.69611111111111 -72.29416666666667 43.6961111111111 -72.29472222222222 711460
43.6961111111111 -72.29472222222222 43.69611111111111 -72.29444444444444 170276
43.69611111111111 -72.29444444444444 43.69611111111111 -72.29416666666667 1083147
43.69611111111111 -72.29416666666667 43.69583333333333 -72.29444444444444 1073436
43.69583333333333 -72.29444444444444 43.69611111111111 -72.295 2696294
43.69611111111111 -72.295 43.69611111111111 -72.29444444444444 1444628
43.69611111111111 -72.29444444444444 43.696111111111115 -72.29444444444444 1983860
43.696111111111115 -72.29444444444444 43.71083333333333 -72.29083333333332 9725441
43.71083333333333 -72.29083333333332 43.71083333333333 -72.2911111111111 1994446
43.71083333333333 -72.2911111111111 43.69638888888888 -72.29416666666667 13900820
43.69638888888888 -72.29416666666667 43.69583333333333 -72.29416666666667 1084024
43.69583333333333 -72.29416666666667 43.69611111111111 -72.29416666666667 5402887
43.69611111111111 -72.29416666666667 43.696111111111115 -72.29444444444445 180286
43.696111111111115 -72.29444444444445 43.696111111111115 -72.29416666666667 360375
43.696111111111115 -72.29416666666667 43.6961111111111 -72.29416666666667 170324
43.6961111111111 -72.29416666666667 43.69583333333333 -72.29444444444444 7581425
43.69583333333333 -72.29444444444444 43.6961111111111 -72.29416666666667 360543
43.6961111111111 -72.29416666666667 43.6961111111111 -72.29444444444444 4329909
43.6961111111111 -72.29444444444444 43.69611111111111 -72.29333333333334 6465748
43.69611111111111 -72.29333333333334 43.696111111111115 -72.29388888888889 2527727
43.696111111111115 -72.29388888888889 43.69611111111111 -72.29388888888889 1983952
43.69611111111111 -72.29388888888889 43.70444444444445 -72.29416666666667 7016743
43.70444444444445 -72.29416666666667 43.696111111111115 -72.29444444444444 20940244
43.696111111111115 -72.29444444444444 43.69638888888888 -72.29444444444444 4513190
43.69638888888888 -72.29444444444444 43.696111111111115 -72.29444444444444 0
43.696111111111115 -72.29444444444444 43.695277777777775 -72.29416666666667 0
43.695277777777775 -72.29416666666667 43.69611111111111 -72.2936111111111 2878298
43.69611111111111 -72.2936111111111 43.69555555555554 -72.2936111111111 1083838
43.69555555555554 -72.2936111111111 43.69611111111111 -72.29416666666667 8980928
43.69611111111111 -72.29416666666667 43.69638888888888 -72.29388888888889 540885
43.69638888888888 -72.29388888888889 43.69611111111111 -72.29444444444444 2857709
43.69611111111111 -72.29444444444444 43.69611111111111 -72.29416666666667 360749
43.69611111111111 -72.29416666666667 43.69638888888888 -72.29416666666667 4011070
43.69638888888888 -72.29416666666667 43.696666666666665 -72.2936111111111 2294725
43.696666666666665 -72.2936111111111 43.69638888888887 -72.29416666666667 3978845
43.69638888888887 -72.29416666666667 43.696111111111115 -72.29444444444444 180275
43.696111111111115 -72.29444444444444 43.69611111111111 -72.29444444444444 13172439
43.69611111111111 -72.29444444444444 43.695277777777775 -72.29444444444444 210274
43.695277777777775 -72.29444444444444 43.69583333333333 -72.29472222222222 2205198
43.69583333333333 -72.29472222222222 43.69583333333333 -72.29444444444444 0
43.69583333333333 -72.29444444444444 43.696111111111115 -72.29444444444444 1442393
43.696111111111115 -72.29444444444444 43.69611111111111 -72.29472222222222 2526466
43.69611111111111 -72.29472222222222 43.698055555555555 -72.29444444444444 1073801
43.698055555555555 -72.29444444444444 43.69611111111111 -72.29416666666667 3788339
43.69611111111111 -72.29416666666667 43.7013888888889 -72.29444444444445 9742493
43.7013888888889 -72.29444444444445 43.70138888888889 -72.29416666666667 170294
43.70138888888889 -72.29416666666667 43.70138888888891 -72.29444444444445 721139
43.70138888888891 -72.29444444444445 43.7025 -72.30277777777778 6672934
43.7025 -72.30277777777778 43.70333333333334 -72.30277777777778 2195364
43.70333333333334 -72.30277777777778 43.703333333333326 -72.30277777777779 540855
43.703333333333326 -72.30277777777779 43.703611111111115 -72.30305555555556 2163460
43.703611111111115 -72.30305555555556 43.696111111111115 -72.29388888888889 11911782
43.696111111111115 -72.29388888888889 43.696388888888876 -72.29472222222222 4149703
43.696388888888876 -72.29472222222222 43.69611111111111 -72.29444444444444 2525032
43.69611111111111 -72.29444444444444 43.696111111111115 -72.29388888888889 3416404
43.696111111111115 -72.29388888888889 43.69583333333333 -72.29444444444444 721124
43.69583333333333 -72.29444444444444 43.69583333333333 -72.29444444444444 530845
43.69583333333333 -72.29444444444444 43.696111111111115 -72.29416666666667 722591
43.696111111111115 -72.29416666666667 43.69638888888888 -72.29416666666667 13894045
43.69638888888888 -72.29416666666667 43.696111111111115 -72.29444444444444 3970819
43.696111111111115 -72.29444444444444 43.69611111111111 -72.29416666666667 7397721
43.69611111111111 -72.29416666666667 43.71083333333333 -72.28999999999999 34669456
43.71083333333333 -72.28999999999999 43.70444444444445 -72.29444444444445 5113722
43.70444444444445 -72.29444444444445 43.70444444444445 -72.2936111111111 4222845
43.70444444444445 -72.2936111111111 43.69611111111111 -72.29444444444444 21087707
43.69611111111111 -72.29444444444444 43.696388888888876 -72.29388888888889 1081670
43.696388888888876 -72.29388888888889 43.69583333333333 -72.29444444444444 11549294
