43.70166666666666 -72.2936111111111 43.70138888888891 -72.29444444444445 1624367
43.70138888888891 -72.29444444444445 43.70249999999999 -72.28694444444444 22440485
43.70249999999999 -72.28694444444444 43.63333333333333 -72.32249999999999 51811965
43.63333333333333 -72.32249999999999 43.65888888888889 -72.31611111111111 11185700
43.65888888888889 -72.31611111111111 43.65861111111111 -72.31611111111111 0
43.65861111111111 -72.31611111111111 43.71416666666667 -72.2875 918391126
43.71416666666667 -72.2875 43.68277777777777 -72.26777777777778 116371818
43.68277777777777 -72.26777777777778 43.71361111111111 -72.28527777777778 64050571
43.71361111111111 -72.28527777777778 43.724722222222226 -72.315 24557403
43.724722222222226 -72.315 43.724722222222226 -72.31527777777777 1800410
43.724722222222226 -72.31527777777777 43.724722222222226 -72.315 1074899
43.724722222222226 -72.315 43.724722222222226 -72.31555555555555 257533
43.724722222222226 -72.31555555555555 43.70333333333333 -72.30277777777778 153241623
43.70333333333333 -72.30277777777778 43.703333333333326 -72.3025 6129570
43.703333333333326 -72.3025 43.70472222222222 -72.30222222222223 3244856
43.70472222222222 -72.30222222222223 43.70333333333333 -72.30305555555556 951097
