43.69222222222222 -72.2875 43.69222222222222 -72.28805555555556 541336
43.69222222222222 -72.28805555555556 43.69222222222221 -72.28833333333331 4333100
43.69222222222221 -72.28833333333331 43.692222222222206 -72.28833333333331 4264312
43.692222222222206 -72.28833333333331 43.69222222222222 -72.28805555555556 711104
43.69222222222222 -72.28805555555556 43.69222222222222 -72.28833333333331 540457
43.69222222222222 -72.28833333333331 43.69222222222222 -72.28833333333333 35655921
43.69222222222222 -72.28833333333333 43.69222222222222 -72.28805555555556 1612735
43.69222222222222 -72.28805555555556 43.692499999999995 -72.28833333333333 12964475
43.692499999999995 -72.28833333333333 43.69222222222221 -72.28833333333331 1071702
43.69222222222221 -72.28833333333331 43.692222222222206 -72.28805555555554 3952463
43.692222222222206 -72.28805555555554 43.69222222222221 -72.28805555555556 1080916
43.69222222222221 -72.28805555555556 43.69222222222221 -72.28805555555556 1091890
43.69222222222221 -72.28805555555556 43.69222222222222 -72.28833333333333 5035775
43.69222222222222 -72.28833333333333 43.691944444444445 -72.28805555555556 2704265
43.691944444444445 -72.28805555555556 43.69972222222222 -72.26916666666666 3796410
43.69972222222222 -72.26916666666666 43.699444444444445 -72.26916666666666 0
43.699444444444445 -72.26916666666666 43.70944444444445 -72.29333333333334 17833296
43.70944444444445 -72.29333333333334 43.69222222222221 -72.28833333333331 5962267
43.69222222222221 -72.28833333333331 43.64666666666666 -72.25416666666666 38999573
43.64666666666666 -72.25416666666666 43.64666666666667 -72.25416666666666 4493454
43.64666666666667 -72.25416666666666 43.69222222222222 -72.28805555555556 6900421
43.69222222222222 -72.28805555555556 43.69222222222221 -72.28833333333331 26118570
43.69222222222221 -72.28833333333331 43.69194444444445 -72.28833333333331 59109192
43.69194444444445 -72.28833333333331 43.692499999999995 -72.28805555555556 360677
43.692499999999995 -72.28805555555556 43.69222222222221 -72.28777777777778 76781507
43.69222222222221 -72.28777777777778 43.69222222222222 -72.2875 170228
43.69222222222222 -72.2875 43.69222222222222 -72.28777777777778 70289905
43.69222222222222 -72.28777777777778 43.691944444444445 -72.28777777777778 42010226
43.691944444444445 -72.28777777777778 43.69222222222222 -72.28805555555556 8596065
43.69222222222222 -72.28805555555556 43.69222222222222 -72.28805555555556 183262
43.69222222222222 -72.28805555555556 43.692499999999995 -72.28833333333333 4131725
43.692499999999995 -72.28833333333333 43.69222222222221 -72.28805555555556 180300
43.69222222222221 -72.28805555555556 43.692222222222206 -72.28722222222223 34629665
43.692222222222206 -72.28722222222223 43.69222222222222 -72.28833333333333 20009139
43.69222222222222 -72.28833333333333 43.69222222222221 -72.28833333333331 2345762
43.69222222222221 -72.28833333333331 43.69222222222222 -72.28805555555556 1074217
43.69222222222222 -72.28805555555556 43.69166666666666 -72.28750000000001 10634828
43.69166666666666 -72.28750000000001 43.69194444444444 -72.28805555555556 0
43.69194444444444 -72.28805555555556 43.69222222222222 -72.28833333333333 5769338
43.69222222222222 -72.28833333333333 43.69222222222222 -72.28833333333333 180290
43.69222222222222 -72.28833333333333 43.691944444444445 -72.28777777777778 26728302
43.691944444444445 -72.28777777777778 43.692499999999995 -72.28888888888889 8648203
43.692499999999995 -72.28888888888889 43.69222222222222 -72.28833333333333 1091739
43.69222222222222 -72.28833333333333 43.691944444444445 -72.28805555555556 1442359
43.691944444444445 -72.28805555555556 43.691944444444445 -72.28805555555556 2153918
43.691944444444445 -72.28805555555556 43.69222222222221 -72.28833333333331 39100356
43.69222222222221 -72.28833333333331 43.69222222222221 -72.28805555555556 874642
43.69222222222221 -72.28805555555556 43.69166666666666 -72.28805555555556 550838
43.69166666666666 -72.28805555555556 43.692222222222206 -72.28805555555553 180269
43.692222222222206 -72.28805555555553 43.692499999999995 -72.28805555555556 170279
43.692499999999995 -72.28805555555556 43.699444444444445 -72.2688888888889 20202685
43.699444444444445 -72.2688888888889 43.69222222222222 -72.28805555555556 5143428
43.69222222222222 -72.28805555555556 43.692499999999995 -72.28833333333333 65398812
43.692499999999995 -72.28833333333333 43.69222222222222 -72.28805555555556 11358530
43.69222222222222 -72.28805555555556 43.69222222222222 -72.28805555555556 180301
43.69222222222222 -72.28805555555556 43.66 -72.31833333333333 83668194
43.66 -72.31833333333333 43.69222222222221 -72.28833333333331 80490872
43.69222222222221 -72.28833333333331 43.69166666666666 -72.28777777777778 20724470
43.69166666666666 -72.28777777777778 43.69222222222222 -72.28833333333333 891436
43.69222222222222 -72.28833333333333 43.69222222222221 -72.28805555555554 2355220
43.69222222222221 -72.28805555555554 43.706111111111106 -72.28944444444444 31009283
43.706111111111106 -72.28944444444444 43.70583333333334 -72.28944444444444 0
43.70583333333334 -72.28944444444444 43.691944444444445 -72.28861111111111 31221473
43.691944444444445 -72.28861111111111 43.692499999999995 -72.28805555555556 130253
43.692499999999995 -72.28805555555556 43.70944444444445 -72.28944444444444 165873986
43.70944444444445 -72.28944444444444 43.691944444444445 -72.28805555555556 10557170
43.691944444444445 -72.28805555555556 43.691944444444445 -72.28805555555556 443701
43.691944444444445 -72.28805555555556 43.692499999999995 -72.28805555555556 370593
43.692499999999995 -72.28805555555556 43.691944444444445 -72.28777777777778 39324859
43.691944444444445 -72.28777777777778 43.692499999999995 -72.28805555555556 550843
43.692499999999995 -72.28805555555556 43.692499999999995 -72.28833333333333 0
