43.69222222222222 -72.28777777777778 43.692499999999995 -72.28833333333331 4332350
43.692499999999995 -72.28833333333331 43.69166666666666 -72.2875 901233
43.69166666666666 -72.2875 43.69222222222222 -72.28805555555556 3797266
43.69222222222222 -72.28805555555556 43.69222222222222 -72.2875 4679733
43.69222222222222 -72.2875 43.692499999999995 -72.28805555555556 1272548
43.692499999999995 -72.28805555555556 43.69222222222222 -72.28805555555556 2533986
43.69222222222222 -72.28805555555556 43.69916666666666 -72.26861111111111 68580360
43.69916666666666 -72.26861111111111 43.69916666666666 -72.26972222222223 7964079
43.69916666666666 -72.26972222222223 43.66888888888889 -72.29527777777777 68472224
43.66888888888889 -72.29527777777777 43.668055555555554 -72.29555555555555 1623014
43.668055555555554 -72.29555555555555 43.66777777777778 -72.29555555555555 0
43.66777777777778 -72.29555555555555 43.69222222222222 -72.28777777777778 16762687
43.69222222222222 -72.28777777777778 43.69222222222222 -72.28861111111111 50786530
43.69222222222222 -72.28861111111111 43.69222222222221 -72.28805555555556 540719
43.69222222222221 -72.28805555555556 43.63333333333333 -72.32305555555556 30108906
43.63333333333333 -72.32305555555556 43.69222222222222 -72.28777777777778 17669486
43.69222222222222 -72.28777777777778 43.69222222222222 -72.28777777777778 16764548
43.69222222222222 -72.28777777777778 43.69222222222222 -72.28805555555556 6851594
43.69222222222222 -72.28805555555556 43.69222222222222 -72.28805555555556 87229864
43.69222222222222 -72.28805555555556 43.692499999999995 -72.28861111111111 33979237
43.692499999999995 -72.28861111111111 43.71083333333333 -72.29055555555556 158250486
43.71083333333333 -72.29055555555556 43.69194444444444 -72.2875 17478016
43.69194444444444 -72.2875 43.69194444444445 -72.28805555555556 2914187
43.69194444444445 -72.28805555555556 43.710555555555565 -72.29055555555556 58004172
43.710555555555565 -72.29055555555556 43.69972222222222 -72.26916666666666 23298592
43.69972222222222 -72.26916666666666 43.69944444444444 -72.26805555555555 1082188
43.69944444444444 -72.26805555555555 43.69222222222222 -72.28833333333333 53376049
43.69222222222222 -72.28833333333333 43.69222222222222 -72.28805555555556 21233202
43.69222222222222 -72.28805555555556 43.69222222222222 -72.28805555555556 4684066
43.69222222222222 -72.28805555555556 43.69222222222222 -72.28805555555556 9731719
43.69222222222222 -72.28805555555556 43.692222222222206 -72.28805555555554 7565437
43.692222222222206 -72.28805555555554 43.692499999999995 -72.28888888888889 541015
43.692499999999995 -72.28888888888889 43.69222222222221 -72.28777777777779 135802145
43.69222222222221 -72.28777777777779 43.69222222222222 -72.28805555555556 1983286
43.69222222222222 -72.28805555555556 43.69166666666666 -72.28694444444444 20541878
43.69166666666666 -72.28694444444444 43.69194444444445 -72.28805555555556 9181844
43.69194444444445 -72.28805555555556 43.69194444444444 -72.28805555555556 3243921
43.69194444444444 -72.28805555555556 43.691944444444445 -72.28805555555556 240565203
