43.69638888888888 -72.29416666666667 43.64694444444444 -72.32 63642851 190312
43.64694444444444 -72.32 43.64722222222222 -72.31972222222223 1072496 190285
43.64722222222222 -72.31972222222223 43.65833333333333 -72.3125 1983624 190283
43.65833333333333 -72.3125 43.69638888888888 -72.29416666666667 23278439 170249
43.69638888888888 -72.29416666666667 43.69638888888888 -72.29444444444444 14609854 180271
43.69638888888888 -72.29444444444444 43.696111111111115 -72.29444444444444 22136794 1692660
43.696111111111115 -72.29444444444444 43.81972222222221 -72.22194444444445 25975391 170264
43.81972222222221 -72.22194444444445 43.64611111111111 -72.32333333333332 5993298 171077
43.64611111111111 -72.32333333333332 43.687777777777775 -72.2961111111111 2345522 150516
43.687777777777775 -72.2961111111111 43.696111111111115 -72.29444444444445 3158454 180445
43.696111111111115 -72.29444444444445 43.69611111111111 -72.29416666666667 2334584 90158
43.69611111111111 -72.29416666666667 43.69583333333333 -72.29416666666667 86184311 550805
43.69583333333333 -72.29416666666667 43.69583333333333 -72.29472222222222 17670147 180325
43.69583333333333 -72.29472222222222 43.69611111111111 -72.29416666666667 3606608 180314
43.69611111111111 -72.29416666666667 43.69583333333333 -72.29444444444444 3244427 180235
43.69583333333333 -72.29444444444444 43.69611111111111 -72.29416666666667 15333680 180260
43.69611111111111 -72.29416666666667 43.69638888888888 -72.29388888888889 5571226 193898
43.69638888888888 -72.29388888888889 43.70916666666666 -72.29027777777777 29964703 180257
43.70916666666666 -72.29027777777777 43.69583333333333 -72.29472222222222 12445844 180316
43.69583333333333 -72.29472222222222 43.69583333333333 -72.29444444444444 360548 180333
43.69583333333333 -72.29444444444444 43.70388888888889 -72.28666666666666 77123547 180284
43.70388888888889 -72.28666666666666 43.69583333333333 -72.29444444444444 8657758 180261
43.69583333333333 -72.29444444444444 43.6961111111111 -72.29416666666667 0 180702
43.6961111111111 -72.29416666666667 43.696111111111115 -72.29472222222222 2891471 180283
43.696111111111115 -72.29472222222222 43.64944444444444 -72.255 3677379 182856
43.64944444444444 -72.255 43.69583333333333 -72.29388888888889 42003682 110217
43.69583333333333 -72.29388888888889 43.696666666666665 -72.295 41306868 160235
43.696666666666665 -72.295 43.696111111111115 -72.29444444444444 85871458 190317
43.696111111111115 -72.29444444444444 43.69583333333333 -72.29444444444444 3452042 180300
43.69583333333333 -72.29444444444444 43.69583333333333 -72.29444444444444 9551371 180272
43.69583333333333 -72.29444444444444 43.69583333333333 -72.29472222222222 4916007 180302
43.69583333333333 -72.29472222222222 43.69583333333333 -72.29388888888889 49241804 330473
43.69583333333333 -72.29388888888889 43.69583333333333 -72.29388888888889 36965803 350524
43.69583333333333 -72.29388888888889 43.69583333333333 -72.29444444444444 3250756 180317
43.69583333333333 -72.29444444444444 43.696111111111115 -72.29416666666667 1083958 190301
43.696111111111115 -72.29416666666667 43.69583333333333 -72.29444444444444 1796165 180270
43.69583333333333 -72.29444444444444 43.70194444444445 -72.29027777777777 58073275 190264
43.70194444444445 -72.29027777777777 43.64527777777778 -72.2625 21854038 180277
43.64527777777778 -72.2625 43.69611111111111 -72.29472222222222 8377060 170281
43.69611111111111 -72.29472222222222 43.6961111111111 -72.29444444444444 54765230 911550
43.6961111111111 -72.29444444444444 43.69611111111111 -72.29388888888889 25627588 170165
43.69611111111111 -72.29388888888889 43.685555555555545 -72.2961111111111 39033064 193654
43.685555555555545 -72.2961111111111 43.69611111111111 -72.29444444444444 24531919 69720
43.69611111111111 -72.29444444444444 43.69611111111111 -72.29416666666667 6906831 180283
43.69611111111111 -72.29416666666667 43.70333333333333 -72.2863888888889 68156978 150207
43.70333333333333 -72.2863888888889 43.7075 -72.30944444444444 1443262 180111
43.7075 -72.30944444444444 43.708333333333336 -72.30833333333334 190351 170281
43.708333333333336 -72.30833333333334 43.70805555555556 -72.30888888888889 2703071 170270
43.70805555555556 -72.30888888888889 43.64972222222222 -72.25527777777778 9742061 180246
43.64972222222222 -72.25527777777778 43.65 -72.25416666666666 5241185 180270
43.65 -72.25416666666666 43.69611111111111 -72.29416666666667 4018509 190299
43.69611111111111 -72.29416666666667 43.69611111111111 -72.29444444444444 12293976 300538
43.69611111111111 -72.29444444444444 43.69583333333333 -72.2936111111111 39387865 159509
43.69583333333333 -72.2936111111111 43.69611111111111 -72.29416666666667 5793863 110163
43.69611111111111 -72.29416666666667 43.69583333333333 -72.29416666666667 34323465 160266
43.69583333333333 -72.29416666666667 43.6961111111111 -72.29444444444444 82740249 401626
43.6961111111111 -72.29444444444444 43.656388888888884 -72.25666666666666 48383658 180328
43.656388888888884 -72.25666666666666 43.705555555555556 -72.2863888888889 6853375 152342
43.705555555555556 -72.2863888888889 43.70222222222222 -72.28999999999999 3607923 170265
43.70222222222222 -72.28999999999999 43.696388888888876 -72.29444444444444 4168344 362811
43.696388888888876 -72.29444444444444 43.69611111111111 -72.29444444444444 1824732 170270
43.69611111111111 -72.29444444444444 43.69611111111111 -72.29444444444444 1983822 160280
43.69611111111111 -72.29444444444444 43.696111111111115 -72.29444444444444 75234186 179993
43.696111111111115 -72.29444444444444 43.69638888888888 -72.29444444444444 902118 180281
43.69638888888888 -72.29444444444444 43.70777777777778 -72.3086111111111 8097128 390559
43.70777777777778 -72.3086111111111 43.70777777777778 -72.30833333333334 1443174 170249
43.70777777777778 -72.30833333333334 43.70805555555556 -72.30888888888889 551781 170250
43.70805555555556 -72.30888888888889 43.70805555555556 -72.30888888888889 540823 170265
43.70805555555556 -72.30888888888889 43.70805555555555 -72.30888888888889 350538 190289
43.70805555555555 -72.30888888888889 43.646388888888886 -72.2625 12820623 361061
43.646388888888886 -72.2625 43.7013888888889 -72.29111111111112 7329820 249804
43.7013888888889 -72.29111111111112 43.69555555555554 -72.29416666666667 72750672 180271
43.69555555555554 -72.29416666666667 43.69555555555554 -72.29416666666667 22637828 420294
43.69555555555554 -72.29416666666667 43.6961111111111 -72.29444444444444 1813943 190298
43.6961111111111 -72.29444444444444 43.645833333333336 -72.32305555555556 27521885 240312
43.645833333333336 -72.32305555555556 43.646388888888886 -72.32333333333332 4689733 180284
