43.70444444444445 -72.30138888888888 43.70472222222222 -72.30111111111113 23404171 350591
43.70472222222222 -72.30111111111113 43.705 -72.30138888888888 731088 180456
43.705 -72.30138888888888 43.70416666666667 -72.30083333333333 901404 170279
43.70416666666667 -72.30083333333333 43.705000000000005 -72.30111111111111 25784899 180251
43.705000000000005 -72.30111111111111 43.70472222222222 -72.30083333333333 350504 190334
43.70472222222222 -72.30083333333333 43.70444444444445 -72.30111111111111 3236244 190365
43.70444444444445 -72.30111111111111 43.70444444444445 -72.30111111111113 3066459 180282
43.70444444444445 -72.30111111111113 43.70472222222223 -72.30083333333333 13895243 540799
43.70472222222223 -72.30083333333333 43.70416666666667 -72.30111111111111 3956564 360656
43.70416666666667 -72.30111111111111 43.70444444444445 -72.30138888888888 180287 180279
43.70444444444445 -72.30138888888888 43.70444444444445 -72.30083333333333 530546 190292
43.70444444444445 -72.30083333333333 43.70444444444445 -72.30083333333333 2886074 180347
43.70444444444445 -72.30083333333333 43.704166666666666 -72.30083333333333 11913135 540613
43.704166666666666 -72.30083333333333 43.70444444444445 -72.30083333333333 1984060 170224
43.70444444444445 -72.30083333333333 43.70444444444445 -72.30055555555555 530888 2532111
43.70444444444445 -72.30055555555555 43.705000000000005 -72.30111111111113 659042350 190279
43.705000000000005 -72.30111111111113 43.70472222222222 -72.30111111111111 41430459 170275
43.70472222222222 -72.30111111111111 43.70444444444445 -72.30111111111113 25789260 180274
43.70444444444445 -72.30111111111113 43.70444444444445 -72.30111111111111 2705305 180311
43.70444444444445 -72.30111111111111 43.71055555555556 -72.28916666666666 2894997 182234
43.71055555555556 -72.28916666666666 43.71055555555556 -72.28916666666666 380620 180255
43.71055555555556 -72.28916666666666 43.71083333333333 -72.28916666666666 0 160691
43.71083333333333 -72.28916666666666 43.71083333333333 -72.28916666666667 13541876 180359
43.71083333333333 -72.28916666666667 43.70472222222222 -72.30083333333333 23172185 4035049
43.70472222222222 -72.30083333333333 43.70472222222222 -72.30083333333333 96810158 180343
43.70472222222222 -72.30083333333333 43.70444444444445 -72.30083333333333 73197929 180303
43.70444444444445 -72.30083333333333 43.70472222222223 -72.30083333333333 180248 360600
43.70472222222223 -72.30083333333333 43.70472222222223 -72.30055555555555 180241 180276
43.70472222222223 -72.30055555555555 43.71138888888889 -72.28999999999999 170100388 180331
43.71138888888889 -72.28999999999999 43.70444444444445 -72.30083333333333 4116086 180331
43.70444444444445 -72.30083333333333 43.70444444444445 -72.30083333333333 540888 190602
43.70444444444445 -72.30083333333333 43.70416666666667 -72.30111111111113 8654658 42321632
43.70416666666667 -72.30111111111113 43.70444444444445 -72.30083333333333 117670289 5107232
43.70444444444445 -72.30083333333333 43.70444444444445 -72.30111111111113 0 180392
43.70444444444445 -72.30111111111113 43.711111111111116 -72.29138888888889 44421430 180300
