43.71 -72.28777777777778 43.702222222222225 -72.29083333333334 41866285 1762847
43.702222222222225 -72.29083333333334 43.70249999999999 -72.2911111111111 1431985 180225
43.70249999999999 -72.2911111111111 43.70194444444445 -72.2911111111111 2161550 190858
43.70194444444445 -72.2911111111111 43.70194444444445 -72.29138888888887 2344753 180302
43.70194444444445 -72.29138888888887 43.70222222222223 -72.2911111111111 3785935 360636
43.70222222222223 -72.2911111111111 43.70222222222223 -72.29138888888889 1081738 361247
43.70222222222223 -72.29138888888889 43.70222222222223 -72.29138888888886 20886595 180295
43.70222222222223 -72.29138888888886 43.70222222222223 -72.2911111111111 3782028 180321
43.70222222222223 -72.2911111111111 43.70416666666667 -72.29333333333334 22644191 200279
43.70416666666667 -72.29333333333334 43.70194444444445 -72.2911111111111 8543633 160412
43.70194444444445 -72.2911111111111 43.702222222222225 -72.2911111111111 360585 180285
43.702222222222225 -72.2911111111111 43.702222222222225 -72.29138888888889 3786896 180385
43.702222222222225 -72.29138888888889 43.702222222222225 -72.29138888888889 360524 170303
43.702222222222225 -72.29138888888889 43.70222222222223 -72.2911111111111 901750 180297
43.70222222222223 -72.2911111111111 43.70194444444445 -72.2911111111111 170258 190337
43.70194444444445 -72.2911111111111 43.702222222222225 -72.2911111111111 1442839 180304
43.702222222222225 -72.2911111111111 43.702222222222225 -72.29138888888889 711171 560329
43.702222222222225 -72.29138888888889 43.70194444444445 -72.2911111111111 731181 180260
43.70194444444445 -72.2911111111111 43.70222222222223 -72.2911111111111 901324 170421
43.70222222222223 -72.2911111111111 43.70222222222223 -72.2911111111111 2704642 360655
43.70222222222223 -72.2911111111111 43.702222222222225 -72.2911111111111 1793451 180279
43.702222222222225 -72.2911111111111 43.702222222222225 -72.29138888888889 0 190328
43.702222222222225 -72.29138888888889 43.702222222222225 -72.29083333333334 180285 170252
43.702222222222225 -72.29083333333334 43.702222222222225 -72.29138888888889 2534311 180845
43.702222222222225 -72.29138888888889 43.70222222222223 -72.29138888888889 370621 170259
43.70222222222223 -72.29138888888889 43.70194444444445 -72.29138888888889 3786325 180325
43.70194444444445 -72.29138888888889 43.702222222222225 -72.2911111111111 0 180313
43.702222222222225 -72.2911111111111 43.702222222222225 -72.29138888888889 190341 170389
43.702222222222225 -72.29138888888889 43.702222222222225 -72.29138888888889 0 180680
43.702222222222225 -72.29138888888889 43.702222222222225 -72.2911111111111 1983826 170259
43.702222222222225 -72.2911111111111 43.702222222222225 -72.2911111111111 361127 180297
43.702222222222225 -72.2911111111111 43.70222222222223 -72.2911111111111 23762878 180318
43.70222222222223 -72.2911111111111 43.64388888888889 -72.31888888888888 28620246 384349
43.64388888888889 -72.31888888888888 43.71083333333333 -72.28972222222222 8908068 170445
43.71083333333333 -72.28972222222222 43.702222222222225 -72.29083333333334 5700723 3604998
43.702222222222225 -72.29083333333334 43.70222222222224 -72.29138888888887 2354950 180336
43.70222222222224 -72.29138888888887 43.702222222222225 -72.29138888888889 5599054 170263
43.702222222222225 -72.29138888888889 43.702222222222225 -72.2911111111111 360766 170402
43.702222222222225 -72.2911111111111 43.70194444444445 -72.29138888888889 3245810 180282
43.70194444444445 -72.29138888888889 43.70222222222223 -72.2911111111111 180271 190300
43.70222222222223 -72.2911111111111 43.702222222222225 -72.2911111111111 1974085 180304
43.702222222222225 -72.2911111111111 43.70222222222223 -72.2911111111111 360579 180275
43.70222222222223 -72.2911111111111 43.702222222222225 -72.29111111111112 541274 360711
43.702222222222225 -72.29111111111112 43.7025 -72.29138888888889 51765298 540874
43.7025 -72.29138888888889 43.70194444444445 -72.29138888888889 361064 170253
43.70194444444445 -72.29138888888889 43.70222222222223 -72.2911111111111 406789 180175
43.70222222222223 -72.2911111111111 43.702222222222225 -72.29083333333334 4245392 266998
43.702222222222225 -72.29083333333334 43.702222222222225 -72.2911111111111 11857340 410933
43.702222222222225 -72.2911111111111 43.70222222222221 -72.29111111111114 500310 550794
43.70222222222221 -72.29111111111114 43.70222222222224 -72.29111111111112 5777093 540092
43.70222222222224 -72.29111111111112 43.70249999999999 -72.29138888888889 541432 350596
43.70249999999999 -72.29138888888889 43.70222222222223 -72.29138888888887 1993597 180331
43.70222222222223 -72.29138888888887 43.70277777777778 -72.29083333333334 24319214 360611
43.70277777777778 -72.29083333333334 43.70111111111111 -72.29222222222222 5787975 180303
43.70111111111111 -72.29222222222222 43.724722222222226 -72.31333333333333 31169285 176264
43.724722222222226 -72.31333333333333 43.724722222222226 -72.3136111111111 816410 240314
43.724722222222226 -72.3136111111111 43.724722222222226 -72.31361111111111 2833547 210361
43.724722222222226 -72.31361111111111 43.725277777777784 -72.31277777777777 651314 430751
43.725277777777784 -72.31277777777777 43.70222222222223 -72.2911111111111 5399301 180439
43.70222222222223 -72.2911111111111 43.70249999999999 -72.2911111111111 1452964 360617
43.70249999999999 -72.2911111111111 43.70222222222223 -72.2911111111111 5213315 179890
43.70222222222223 -72.2911111111111 43.70222222222223 -72.2911111111111 541570 180319
43.70222222222223 -72.2911111111111 43.702222222222225 -72.2911111111111 891478 190598
43.702222222222225 -72.2911111111111 43.702222222222225 -72.2911111111111 1623050 900521
43.702222222222225 -72.2911111111111 43.702222222222225 -72.2911111111111 731229 180292
43.702222222222225 -72.2911111111111 43.70194444444445 -72.29138888888889 1443048 180284
43.70194444444445 -72.29138888888889 43.70222222222223 -72.2911111111111 190314 170329
43.70222222222223 -72.2911111111111 43.702222222222225 -72.2911111111111 1431226 180333
43.702222222222225 -72.2911111111111 43.70222222222224 -72.29111111111112 180324 190308
43.70222222222224 -72.29111111111112 43.70222222222223 -72.2911111111111 7017412 180293
43.70222222222223 -72.2911111111111 43.70222222222223 -72.2911111111111 360513 180447
43.70222222222223 -72.2911111111111 43.70222222222223 -72.2911111111111 1081832 180316
43.70222222222223 -72.2911111111111 43.702222222222225 -72.2911111111111 180297 361196
43.702222222222225 -72.2911111111111 43.702222222222225 -72.2911111111111 0 180319
43.702222222222225 -72.2911111111111 43.70194444444445 -72.29138888888889 550891 180275
43.70194444444445 -72.29138888888889 43.7025 -72.29083333333334 1443206 180297
43.7025 -72.29083333333334 43.701666666666675 -72.2936111111111 36067583 180281
43.701666666666675 -72.2936111111111 43.70194444444445 -72.29138888888889 34303518 190379
43.70194444444445 -72.29138888888889 43.70194444444445 -72.2911111111111 721187 170282
43.70194444444445 -72.2911111111111 43.70222222222223 -72.2911111111111 360600 19992515
43.70222222222223 -72.2911111111111 43.70222222222223 -72.29111111111112 6861920 180277
43.70222222222223 -72.29111111111112 43.702222222222225 -72.2911111111111 22181095 161081
43.702222222222225 -72.2911111111111 43.70222222222223 -72.2911111111111 7936543 180281
43.70222222222223 -72.2911111111111 43.66 -72.32333333333332 2705850 190354
43.66 -72.32333333333332 43.66 -72.32277777777777 360891 180312
43.66 -72.32277777777777 43.66027777777777 -72.32305555555557 711361 190062
43.66027777777777 -72.32305555555557 43.66027777777778 -72.32305555555556 1264020 180605
43.66027777777778 -72.32305555555556 43.65888888888889 -72.31638888888888 74401337 180968
43.65888888888889 -72.31638888888888 43.70222222222223 -72.29138888888889 2537934 180708
43.70222222222223 -72.29138888888889 43.70194444444445 -72.2911111111111 169283 181286
43.70194444444445 -72.2911111111111 43.70194444444445 -72.2911111111111 16205176 190336
43.70194444444445 -72.2911111111111 43.70249999999999 -72.2911111111111 3982701 180271
43.70249999999999 -72.2911111111111 43.70249999999999 -72.2911111111111 39706088 170359
43.70249999999999 -72.2911111111111 43.702222222222225 -72.2911111111111 1252845 180272
43.702222222222225 -72.2911111111111 43.702222222222225 -72.29083333333334 0 180428
43.702222222222225 -72.29083333333334 43.702222222222225 -72.2911111111111 1263061 180379
43.702222222222225 -72.2911111111111 42.893888888888895 -72.5625 8311727 180855
42.893888888888895 -72.5625 40.7886111111111 -74.01305555555554 15978390 180376
40.7886111111111 -74.01305555555554 40.78888888888889 -74.01722222222222 59508281 160285
40.78888888888889 -74.01722222222222 40.78805555555555 -74.01305555555555 1279752 180356
40.78805555555555 -74.01305555555555 40.78805555555555 -74.01333333333334 14182577 190304
40.78805555555555 -74.01333333333334 40.788333333333334 -74.01305555555555 1251924 190305
40.788333333333334 -74.01305555555555 40.78833333333334 -74.01305555555554 64065348 180162
40.78833333333334 -74.01305555555554 40.788333333333334 -74.01333333333334 5216809 180348
40.788333333333334 -74.01333333333334 40.7886111111111 -74.01305555555554 1091880 180366
40.7886111111111 -74.01305555555554 40.78861111111111 -74.01305555555555 7367516 2710490
40.78861111111111 -74.01305555555555 40.81972222222222 -73.98611111111111 10989399 190319
40.81972222222222 -73.98611111111111 43.702222222222225 -72.29138888888889 67783892 180298
43.702222222222225 -72.29138888888889 43.702222222222225 -72.2911111111111 0 360911
43.702222222222225 -72.2911111111111 43.702222222222225 -72.2911111111111 721415 180285
43.702222222222225 -72.2911111111111 43.702222222222225 -72.29111111111112 541122 180325
43.702222222222225 -72.29111111111112 43.70222222222222 -72.29111111111112 2162073 540976
43.70222222222222 -72.29111111111112 43.70222222222223 -72.2911111111111 360261 3961547
43.70222222222223 -72.2911111111111 43.702222222222225 -72.29111111111112 1440720 180287
43.702222222222225 -72.29111111111112 43.702222222222225 -72.29111111111112 360661 540884
43.702222222222225 -72.29111111111112 43.702222222222225 -72.29083333333334 180290 541320
43.702222222222225 -72.29083333333334 43.70194444444445 -72.29138888888889 2705107 180303
43.70194444444445 -72.29138888888889 43.7025 -72.29083333333334 721712 190590
43.7025 -72.29083333333334 43.71055555555556 -72.29055555555556 2144959 189979
43.71055555555556 -72.29055555555556 43.702222222222225 -72.29138888888889 53626549 180394
43.702222222222225 -72.29138888888889 43.65888888888889 -72.31583333333333 118383910 170361
43.65888888888889 -72.31583333333333 43.70166666666667 -72.2936111111111 182589395 150264
43.70166666666667 -72.2936111111111 43.70166666666666 -72.29333333333334 360578 360618
43.70166666666666 -72.29333333333334 43.70194444444445 -72.29083333333334 13343620 350571
43.70194444444445 -72.29083333333334 43.70250000000001 -72.2911111111111 180434 180293
43.70250000000001 -72.2911111111111 43.702222222222225 -72.2911111111111 120245 36125499
43.702222222222225 -72.2911111111111 43.70222222222223 -72.29138888888889 4868749 170279
43.70222222222223 -72.29138888888889 43.702222222222225 -72.2911111111111 360583 180307
43.702222222222225 -72.2911111111111 43.70222222222223 -72.29111111111112 1802044 180305
43.70222222222223 -72.29111111111112 43.702222222222225 -72.29138888888889 139479536 190268
43.702222222222225 -72.29138888888889 43.702222222222225 -72.2911111111111 2711097 180315
43.702222222222225 -72.2911111111111 43.70111111111111 -72.2925 34619146 180624
43.70111111111111 -72.2925 43.70111111111111 -72.29222222222222 180297 180287
43.70111111111111 -72.29222222222222 43.70249999999999 -72.2911111111111 30324220 180297
43.70249999999999 -72.2911111111111 43.70194444444445 -72.29138888888887 1623802 180477
43.70194444444445 -72.29138888888887 43.702222222222225 -72.2911111111111 540901 180666
43.702222222222225 -72.2911111111111 43.702222222222225 -72.2911111111111 2163020 180263
43.702222222222225 -72.2911111111111 43.70249999999999 -72.29083333333334 5581412 180303
43.70249999999999 -72.29083333333334 43.70250000000001 -72.2911111111111 3063933 190338
43.70250000000001 -72.2911111111111 43.70194444444445 -72.29138888888889 1616496 180300
43.70194444444445 -72.29138888888889 43.702222222222225 -72.2911111111111 1082080 180260
43.702222222222225 -72.2911111111111 43.70222222222223 -72.29138888888889 370617 540591
43.70222222222223 -72.29138888888889 43.702222222222225 -72.2911111111111 3436346 170273
