43.64055555555556 -72.28388888888888 43.64083333333333 -72.28388888888888 721160 180297
43.64083333333333 -72.28388888888888 43.69361111111112 -72.2977777777778 280102720 180293
43.69361111111112 -72.2977777777778 43.71055555555555 -72.29055555555556 5410150 180287
43.71055555555555 -72.29055555555556 43.710833333333326 -72.29055555555556 0 170256
43.710833333333326 -72.29055555555556 43.710833333333326 -72.29055555555556 540848 180286
43.710833333333326 -72.29055555555556 43.70166666666667 -72.2925 8104831 190332
43.70166666666667 -72.2925 43.68194444444444 -72.35055555555554 82895450 180074
43.68194444444444 -72.35055555555554 43.69388888888888 -72.2975 41274627 180237
43.69388888888888 -72.2975 43.69361111111111 -72.29777777777778 372576030 180313
43.69361111111111 -72.29777777777778 43.725 -72.315 96468685 200329
43.725 -72.315 43.724722222222226 -72.31527777777778 1262275 180255
43.724722222222226 -72.31527777777778 43.724722222222226 -72.31527777777778 361829 350558
43.724722222222226 -72.31527777777778 43.69361111111111 -72.2975 59784824 190321
43.69361111111111 -72.2975 44.04027777777777 -73.01666666666667 10886376 203952
44.04027777777777 -73.01666666666667 44.06638888888889 -73.0188888888889 1570295 250139
44.06638888888889 -73.0188888888889 44.06638888888889 -73.02 740165 159972
