43.708333333333336 -72.3025 43.703611111111115 -72.29333333333334 529297142 170213
43.703611111111115 -72.29333333333334 43.703611111111115 -72.29305555555555 0 170272
43.703611111111115 -72.29305555555555 43.70333333333333 -72.29333333333334 3245269 180511
43.70333333333333 -72.29333333333334 43.711666666666666 -72.29333333333334 537598532 180277
43.711666666666666 -72.29333333333334 43.70333333333333 -72.29083333333332 137337980 180318
43.70333333333333 -72.29083333333332 43.70277777777778 -72.29277777777777 36238355 170234
43.70277777777778 -72.29277777777777 44.03944444444444 -73.02722222222222 141619603 5635206
44.03944444444444 -73.02722222222222 44.04027777777777 -73.01694444444445 400543 190291
44.04027777777777 -73.01694444444445 44.040277777777774 -73.01694444444445 100237 210445
44.040277777777774 -73.01694444444445 44.06638888888888 -73.0188888888889 2373130 180348
44.06638888888888 -73.0188888888889 44.06638888888888 -73.0188888888889 180361 160215
44.06638888888888 -73.0188888888889 44.04083333333333 -73.02638888888889 5224393 180263
