43.714444444444446 -72.28666666666666 43.714444444444446 -72.28638888888891 180318 180262
43.714444444444446 -72.28638888888891 43.68305555555555 -72.32833333333333 4688569 371034
43.68305555555555 -72.32833333333333 43.70249999999999 -72.29305555555555 18570633 199878
43.70249999999999 -72.29305555555555 42.54277777777778 -71.14277777777778 38957891 180290
42.54277777777778 -71.14277777777778 41.755833333333335 -70.15472222222223 10432890 180262
41.755833333333335 -70.15472222222223 41.76083333333333 -70.16 4695959 179201
41.76083333333333 -70.16 41.76083333333333 -70.16000000000001 6112080 180815
41.76083333333333 -70.16000000000001 41.760833333333345 -70.16000000000001 0 190310
41.760833333333345 -70.16000000000001 41.71361111111111 -70.17722222222223 3615023 891565
41.71361111111111 -70.17722222222223 41.7175 -70.21055555555556 7934764 360631
41.7175 -70.21055555555556 41.717777777777776 -70.21055555555556 721181 170280
41.717777777777776 -70.21055555555556 41.713055555555556 -70.17694444444444 3025496 2581057
41.713055555555556 -70.17694444444444 41.713888888888896 -70.17694444444443 2532500 160282
41.713888888888896 -70.17694444444443 43.70333333333334 -72.2936111111111 136985617 170848
43.70333333333334 -72.2936111111111 43.703333333333326 -72.2936111111111 2714470 180275
43.703333333333326 -72.2936111111111 43.703611111111115 -72.29305555555555 360562 170249
43.703611111111115 -72.29305555555555 43.63472222222222 -72.33 274010529 180285
43.63472222222222 -72.33 43.65861111111111 -72.31638888888888 2354438 1442372
43.65861111111111 -72.31638888888888 43.68111111111111 -72.35249999999999 173993714 180300
43.68111111111111 -72.35249999999999 43.71388888888889 -72.28527777777778 133815394 180275
43.71388888888889 -72.28527777777778 43.711666666666666 -72.29305555555555 83426845 180542
43.711666666666666 -72.29305555555555 43.711666666666666 -72.29277777777777 42390617 180297
43.711666666666666 -72.29277777777777 43.71055555555555 -72.29027777777777 6133065 180275
