43.711111111111116 -72.29027777777777 43.71083333333333 -72.28999999999999 6603604 1151886
43.71083333333333 -72.28999999999999 43.62138888888888 -72.94277777777778 186593796 180306
43.62138888888888 -72.94277777777778 43.62083333333334 -72.94333333333336 31509321 721218
43.62083333333334 -72.94333333333336 43.6086111111111 -72.98555555555558 8114874 180338
43.6086111111111 -72.98555555555558 43.72805555555556 -72.9236111111111 5581742 180296
43.72805555555556 -72.9236111111111 43.727222222222224 -72.91111111111111 1985647 180298
43.727222222222224 -72.91111111111111 43.727222222222224 -72.91111111111111 180278 180313
43.727222222222224 -72.91111111111111 44.24277777777778 -71.61722222222221 76171398 181222
44.24277777777778 -71.61722222222221 44.189722222222215 -71.61861111111111 14778130 180305
44.189722222222215 -71.61861111111111 43.876111111111115 -72.16833333333334 344258409 180293
43.876111111111115 -72.16833333333334 40.78666666666667 -73.97416666666668 271556997 180291
40.78666666666667 -73.97416666666668 40.78666666666667 -73.9738888888889 641167 180277
40.78666666666667 -73.9738888888889 40.769999999999996 -73.98472222222222 80836217 441436
