43.63166666666667 -72.33194444444442 43.70722222222222 -72.28916666666666 2705028 360100
43.70722222222222 -72.28916666666666 43.70694444444444 -72.28916666666666 180265 180250
43.70694444444444 -72.28916666666666 43.696388888888876 -72.27750000000002 2704265 190251
43.696388888888876 -72.27750000000002 43.711666666666666 -72.2875 4495486 180234
43.711666666666666 -72.2875 43.69694444444443 -72.2775 81476655 180253
43.69694444444443 -72.2775 43.696666666666665 -72.27750000000002 15535783 180266
43.696666666666665 -72.27750000000002 43.696666666666665 -72.27750000000002 540763 180233
43.696666666666665 -72.27750000000002 43.69638888888888 -72.27722222222222 7574565 180293
43.69638888888888 -72.27722222222222 43.696666666666665 -72.26666666666667 173996 180263
43.696666666666665 -72.26666666666667 43.70777777777777 -72.28944444444444 330440 33453274
43.70777777777777 -72.28944444444444 43.710555555555565 -72.28972222222222 24741446 180247
43.710555555555565 -72.28972222222222 43.696388888888876 -72.26666666666667 7380400 8615594
43.696388888888876 -72.26666666666667 43.696111111111115 -72.26666666666667 0 180271
43.696111111111115 -72.26666666666667 43.696666666666665 -72.2775 10444346 180212
43.696666666666665 -72.2775 43.696666666666665 -72.2775 350490 190248
43.696666666666665 -72.2775 43.696388888888876 -72.27750000000002 40037853 180228
43.696388888888876 -72.27750000000002 43.696666666666665 -72.27750000000002 11548291 370474
43.696666666666665 -72.27750000000002 43.696666666666665 -72.27750000000002 374170 170055
43.696666666666665 -72.27750000000002 43.69638888888888 -72.2775 710979 180256
43.69638888888888 -72.2775 43.7088888888889 -72.29194444444444 1372548 180208
43.7088888888889 -72.29194444444444 43.69638888888888 -72.26666666666667 74214447 665232
43.69638888888888 -72.26666666666667 43.696111111111115 -72.26666666666667 7395069 180378
43.696111111111115 -72.26666666666667 43.696666666666665 -72.27750000000002 1993067 350445
43.696666666666665 -72.27750000000002 43.696388888888876 -72.26694444444445 2342048 180229
43.696388888888876 -72.26694444444445 43.696666666666665 -72.26666666666667 11725776 170254
43.696666666666665 -72.26666666666667 43.696666666666665 -72.26666666666667 0 180270
43.696666666666665 -72.26666666666667 43.69638888888888 -72.27722222222222 710955 180231
43.69638888888888 -72.27722222222222 43.696666666666665 -72.27750000000002 1081611 180215
43.696666666666665 -72.27750000000002 43.696666666666665 -72.2775 350485 190252
43.696666666666665 -72.2775 43.71194444444445 -72.28666666666666 59320425 180578
43.71194444444445 -72.28666666666666 43.696666666666665 -72.27722222222222 42853334 160185
43.696666666666665 -72.27722222222222 47.568333333333335 -19.074722222222224 488196416 170258
47.568333333333335 -19.074722222222224 47.568333333333335 -19.075 0 170195
47.568333333333335 -19.075 47.56861111111112 -19.074722222222224 1612221 190265
47.56861111111112 -19.074722222222224 47.58472222222223 -19.07638888888889 3817441 180231
47.58472222222223 -19.07638888888889 47.53527777777777 -19.035833333333333 1803596 160266
47.53527777777777 -19.035833333333333 47.53638888888889 -19.033611111111114 140434617 230230
