43.710555555555565 -72.28916666666667 43.71027777777778 -72.28944444444444 3916667 270504
43.71027777777778 -72.28944444444444 43.69611111111111 -72.29388888888889 12911017 120132
43.69611111111111 -72.29388888888889 43.69583333333333 -72.29416666666667 11021097 8623980
43.69583333333333 -72.29416666666667 43.710555555555565 -72.28972222222222 38580509 130252
43.710555555555565 -72.28972222222222 43.710555555555565 -72.28944444444444 11057634 170303
43.710555555555565 -72.28944444444444 43.70249999999999 -72.29333333333332 35439943 120244
43.70249999999999 -72.29333333333332 43.702777777777776 -72.28694444444444 3605937 80208
43.702777777777776 -72.28694444444444 43.6961111111111 -72.29416666666667 33123226 180299
43.6961111111111 -72.29416666666667 43.69638888888887 -72.29444444444445 3826769 170258
43.69638888888887 -72.29444444444445 43.696111111111115 -72.29444444444445 14424038 140160
43.696111111111115 -72.29444444444445 43.696111111111115 -72.29416666666667 1803366 180266
43.696111111111115 -72.29416666666667 43.69583333333333 -72.29444444444444 4507605 180277
43.69583333333333 -72.29444444444444 43.69583333333333 -72.29416666666667 6871941 180297
43.69583333333333 -72.29416666666667 43.69638888888888 -72.29388888888889 2153540 170245
43.69638888888888 -72.29388888888889 43.696111111111115 -72.29444444444445 12260243 180265
43.696111111111115 -72.29444444444445 43.69555555555555 -72.29388888888889 7933163 180267
43.69555555555555 -72.29388888888889 43.69611111111111 -72.29472222222222 4137089 190483
43.69611111111111 -72.29472222222222 43.69611111111111 -72.29444444444444 721134 180251
43.69611111111111 -72.29444444444444 43.69583333333333 -72.29527777777777 1622671 180305
43.69583333333333 -72.29527777777777 43.696111111111115 -72.29305555555555 1262023 180272
43.696111111111115 -72.29305555555555 43.69638888888888 -72.29416666666667 1262047 180293
43.69638888888888 -72.29416666666667 43.69583333333333 -72.29416666666667 1282126 180315
43.69583333333333 -72.29416666666667 43.696111111111115 -72.29416666666667 4871928 160281
43.696111111111115 -72.29416666666667 43.696111111111115 -72.29416666666667 1994576 170261
43.696111111111115 -72.29416666666667 43.69611111111111 -72.29444444444444 8842683 180332
43.69611111111111 -72.29444444444444 43.21194444444445 -71.53944444444444 14469214 180322
43.21194444444445 -71.53944444444444 43.63333333333333 -72.32194444444444 8658844 170292
43.63333333333333 -72.32194444444444 43.63333333333333 -72.32222222222222 180289 361281
43.63333333333333 -72.32222222222222 43.63333333333333 -72.32194444444444 1081739 360557
43.63333333333333 -72.32194444444444 43.63333333333333 -72.32222222222222 541057 180259
43.63333333333333 -72.32222222222222 43.63333333333333 -72.32194444444444 540880 180256
43.63333333333333 -72.32194444444444 43.64416666666666 -72.32194444444444 541539 180229
43.64416666666666 -72.32194444444444 43.64416666666667 -72.32194444444444 1442521 180276
43.64416666666667 -72.32194444444444 43.69583333333333 -72.29472222222222 11388690 180007
43.69583333333333 -72.29472222222222 43.69638888888888 -72.29472222222222 14604446 340545
43.69638888888888 -72.29472222222222 43.69583333333333 -72.29472222222222 4326906 180257
43.69583333333333 -72.29472222222222 43.69583333333333 -72.29472222222222 360671 180486
43.69583333333333 -72.29472222222222 43.696111111111115 -72.29444444444444 6125562 190406
43.696111111111115 -72.29444444444444 43.696111111111115 -72.29444444444444 7386772 180309
43.696111111111115 -72.29444444444444 43.69611111111111 -72.29416666666667 2706993 190383
43.69611111111111 -72.29416666666667 43.69611111111111 -72.29444444444444 6496961 180302
43.69611111111111 -72.29444444444444 43.70388888888889 -72.28444444444445 13185560 180250
43.70388888888889 -72.28444444444445 43.724722222222226 -72.31361111111111 25823728 170267
43.724722222222226 -72.31361111111111 43.696111111111115 -72.29472222222222 91956293 530792
43.696111111111115 -72.29472222222222 43.6961111111111 -72.29416666666667 4231767 281005
43.6961111111111 -72.29416666666667 43.69638888888888 -72.29444444444444 761197 180274
43.69638888888888 -72.29444444444444 43.696111111111115 -72.29388888888889 11199002 140226
43.696111111111115 -72.29388888888889 43.69638888888888 -72.29416666666667 5141890 261147
43.69638888888888 -72.29416666666667 43.69583333333333 -72.29472222222222 2164724 181533
43.69583333333333 -72.29472222222222 43.69583333333333 -72.29416666666667 3428699 180397
43.69583333333333 -72.29416666666667 43.69583333333333 -72.29444444444444 210396 200403
43.69583333333333 -72.29444444444444 43.69583333333333 -72.29416666666667 1954267 180369
43.69583333333333 -72.29416666666667 43.696111111111115 -72.29416666666667 2526169 160707
43.696111111111115 -72.29416666666667 43.71138888888889 -72.28972222222222 120293919 180300
43.71138888888889 -72.28972222222222 43.69611111111111 -72.29416666666667 16836621 360622
43.69611111111111 -72.29416666666667 43.6961111111111 -72.29388888888889 2185566 110210
43.6961111111111 -72.29388888888889 43.69611111111111 -72.29416666666667 75585285 170261
43.69611111111111 -72.29416666666667 43.69583333333333 -72.29388888888889 711184 150254
43.69583333333333 -72.29388888888889 43.69583333333333 -72.29416666666667 6480885 400660
43.69583333333333 -72.29416666666667 43.69611111111111 -72.29444444444444 520778 170284
43.69611111111111 -72.29444444444444 43.69583333333333 -72.29527777777777 17603197 180299
43.69583333333333 -72.29527777777777 43.696111111111115 -72.29444444444444 15515204 260517
43.696111111111115 -72.29444444444444 43.696111111111115 -72.29444444444444 913356 180290
43.696111111111115 -72.29444444444444 43.69638888888888 -72.29444444444444 3929127 250277
43.69638888888888 -72.29444444444444 43.69611111111111 -72.29416666666667 6286985 170269
43.69611111111111 -72.29416666666667 43.69611111111111 -72.29388888888889 170314 193353
43.69611111111111 -72.29388888888889 43.71 -72.31083333333333 4652405 210567
43.71 -72.31083333333333 43.70083333333334 -72.30611111111111 4520609 360558
43.70083333333334 -72.30611111111111 43.696111111111115 -72.29416666666667 9209933 170296
43.696111111111115 -72.29416666666667 43.696111111111115 -72.29444444444445 7767460 180662
43.696111111111115 -72.29444444444445 43.696111111111115 -72.29416666666667 711263 180347
43.696111111111115 -72.29416666666667 43.68055555555555 -72.35222222222222 19552921 180322
43.68055555555555 -72.35222222222222 43.696111111111115 -72.29416666666667 10301548 120311
43.696111111111115 -72.29416666666667 43.69611111111111 -72.29416666666667 2324370 200284
43.69611111111111 -72.29416666666667 43.69583333333333 -72.29444444444444 10666155 170237
43.69583333333333 -72.29444444444444 43.69638888888888 -72.29444444444444 14797435 170269
43.69638888888888 -72.29444444444444 43.69583333333333 -72.29416666666667 2324828 190284
43.69583333333333 -72.29416666666667 43.69583333333333 -72.29416666666667 410564 180291
43.69583333333333 -72.29416666666667 43.69638888888888 -72.29388888888889 3427925 130329
43.69638888888888 -72.29388888888889 43.696111111111115 -72.29416666666667 1082622 190314
43.696111111111115 -72.29416666666667 43.696388888888876 -72.29416666666667 8302136 170300
43.696388888888876 -72.29416666666667 43.69611111111111 -72.29472222222222 2323823 190385
43.69611111111111 -72.29472222222222 43.67444444444444 -72.29833333333333 2355609 180468
43.67444444444444 -72.29833333333333 43.67444444444444 -72.29805555555555 1081711 180297
43.67444444444444 -72.29805555555555 43.696111111111115 -72.29472222222222 22378774 180290
43.696111111111115 -72.29472222222222 43.69611111111111 -72.29416666666667 8480032 180236
43.69611111111111 -72.29416666666667 43.69555555555555 -72.29416666666667 550861 171585
43.69555555555555 -72.29416666666667 43.69555555555555 -72.29444444444444 0 180297
43.69555555555555 -72.29444444444444 43.69611111111111 -72.29416666666667 1625058 180272
43.69611111111111 -72.29416666666667 43.696111111111115 -72.29444444444444 1082566 180244
43.696111111111115 -72.29444444444444 43.69583333333333 -72.29444444444444 2355908 180297
43.69583333333333 -72.29444444444444 43.69611111111111 -72.29444444444444 3778313 170291
43.69611111111111 -72.29444444444444 43.71194444444445 -72.28888888888889 16329979 190332
43.71194444444445 -72.28888888888889 43.70277777777778 -72.28583333333333 12183102 362286
43.70277777777778 -72.28583333333333 43.70472222222222 -72.29444444444444 24388998 180307
43.70472222222222 -72.29444444444444 43.69638888888888 -72.29444444444445 15040472 170245
43.69638888888888 -72.29444444444445 43.69583333333333 -72.29444444444444 721135 292345
43.69583333333333 -72.29444444444444 43.695277777777775 -72.29444444444444 1986196 180393
43.695277777777775 -72.29444444444444 43.69583333333333 -72.29444444444444 0 180272
43.69583333333333 -72.29444444444444 43.696388888888876 -72.29416666666667 15518614 180262
43.696388888888876 -72.29416666666667 43.69583333333333 -72.29444444444444 1455131 180246
43.69583333333333 -72.29444444444444 43.69583333333333 -72.29416666666667 4681610 170323
43.69583333333333 -72.29416666666667 43.71138888888889 -72.28916666666666 9061636 190283
43.71138888888889 -72.28916666666666 43.70250000000001 -72.28555555555555 11893235 160238
43.70250000000001 -72.28555555555555 43.7025 -72.28583333333333 1814811 170265
43.7025 -72.28583333333333 43.709999999999994 -72.3 23646303 180323
43.709999999999994 -72.3 43.70999999999999 -72.31083333333333 540974 180341
43.70999999999999 -72.31083333333333 43.7 -72.29027777777777 4520565 170354
43.7 -72.29027777777777 43.71055555555555 -72.29027777777777 5231552 180279
43.71055555555555 -72.29027777777777 43.71055555555555 -72.29027777777777 0 180390
43.71055555555555 -72.29027777777777 43.71055555555556 -72.29055555555556 0 180171
43.71055555555556 -72.29055555555556 43.699999999999996 -72.29083333333334 1622634 180284
43.699999999999996 -72.29083333333334 43.696111111111115 -72.29444444444445 1513957 170250
43.696111111111115 -72.29444444444445 43.69611111111111 -72.29416666666667 0 119766
43.69611111111111 -72.29416666666667 43.69611111111111 -72.29416666666667 8124692 180277
43.69611111111111 -72.29416666666667 43.696111111111115 -72.29416666666667 2706124 181402
43.696111111111115 -72.29416666666667 43.69611111111111 -72.29472222222222 2344819 180251
43.69611111111111 -72.29472222222222 43.69611111111111 -72.29416666666667 180389 181981
43.69611111111111 -72.29416666666667 43.696388888888876 -72.29388888888889 3249086 180375
43.696388888888876 -72.29388888888889 43.696666666666665 -72.29416666666667 2885430 180361
43.696666666666665 -72.29416666666667 43.69583333333333 -72.29444444444444 5411791 190285
43.69583333333333 -72.29444444444444 43.696111111111115 -72.29444444444445 63366947 170287
43.696111111111115 -72.29444444444445 43.69638888888888 -72.29416666666667 6764583 190287
43.69638888888888 -72.29416666666667 43.69638888888888 -72.29416666666667 6637340 120212
43.69638888888888 -72.29416666666667 43.6961111111111 -72.29444444444444 4721729 180280
43.6961111111111 -72.29444444444444 43.6961111111111 -72.29416666666667 1274064 150294
43.6961111111111 -72.29416666666667 43.7025 -72.28583333333333 22912087 170263
43.7025 -72.28583333333333 43.70305555555556 -72.28583333333333 180286 181699
43.70305555555556 -72.28583333333333 43.696111111111115 -72.29416666666667 44416066 180421
43.696111111111115 -72.29416666666667 43.69583333333333 -72.29444444444444 2166649 362833
43.69583333333333 -72.29444444444444 43.69611111111111 -72.29416666666667 1634623 180323
43.69611111111111 -72.29416666666667 43.69638888888888 -72.29388888888889 861349 210348
43.69638888888888 -72.29388888888889 43.69611111111111 -72.29472222222222 2888446 180280
43.69611111111111 -72.29472222222222 43.69777777777778 -72.29444444444444 5783050 180298
43.69777777777778 -72.29444444444444 43.69611111111111 -72.29444444444444 1442528 170239
43.69611111111111 -72.29444444444444 43.696111111111115 -72.29416666666667 503707 220300
43.696111111111115 -72.29416666666667 43.696111111111115 -72.29444444444444 3227947 200278
43.696111111111115 -72.29444444444444 43.69638888888888 -72.29444444444444 721852 180232
43.69638888888888 -72.29444444444444 43.69611111111111 -72.29472222222222 4149616 180278
43.69611111111111 -72.29472222222222 43.69583333333333 -72.29416666666667 3437391 182012
43.69583333333333 -72.29416666666667 43.69611111111111 -72.29416666666667 1081988 171501
43.69611111111111 -72.29416666666667 43.69583333333333 -72.29444444444444 893712 180255
43.69583333333333 -72.29444444444444 43.696666666666665 -72.29472222222222 490806 230330
43.696666666666665 -72.29472222222222 43.69583333333333 -72.29416666666667 160272 210313
43.69583333333333 -72.29416666666667 43.696111111111115 -72.29444444444444 2186281 180258
43.696111111111115 -72.29444444444444 43.69583333333333 -72.29416666666667 360648 160404
43.69583333333333 -72.29416666666667 43.69611111111111 -72.29416666666667 5231458 180260
43.69611111111111 -72.29416666666667 43.69583333333333 -72.29388888888889 721140 180287
43.69583333333333 -72.29388888888889 43.696111111111115 -72.29416666666667 3789726 183084
43.696111111111115 -72.29416666666667 43.6961111111111 -72.29416666666667 2344907 180258
43.6961111111111 -72.29416666666667 43.6961111111111 -72.29527777777777 2344860 180280
43.6961111111111 -72.29527777777777 43.69611111111111 -72.29416666666667 1442251 182327
43.69611111111111 -72.29416666666667 43.6961111111111 -72.29472222222222 711460 180290
43.6961111111111 -72.29472222222222 43.69611111111111 -72.29444444444444 170276 370547
43.69611111111111 -72.29444444444444 43.69611111111111 -72.29416666666667 1083147 190293
43.69611111111111 -72.29416666666667 43.69583333333333 -72.29444444444444 1073436 190304
43.69583333333333 -72.29444444444444 43.69611111111111 -72.295 2696294 180622
43.69611111111111 -72.295 43.69611111111111 -72.29444444444444 1444628 190253
43.69611111111111 -72.29444444444444 43.696111111111115 -72.29444444444444 1983860 180269
43.696111111111115 -72.29444444444444 43.71083333333333 -72.29083333333332 9725441 200278
43.71083333333333 -72.29083333333332 43.71083333333333 -72.2911111111111 1994446 360511
43.71083333333333 -72.2911111111111 43.69638888888888 -72.29416666666667 13900820 170285
43.69638888888888 -72.29416666666667 43.69583333333333 -72.29416666666667 1084024 180246
43.69583333333333 -72.29416666666667 43.69611111111111 -72.29416666666667 5402887 190301
43.69611111111111 -72.29416666666667 43.696111111111115 -72.29444444444445 180286 180261
43.696111111111115 -72.29444444444445 43.696111111111115 -72.29416666666667 360375 180451
43.696111111111115 -72.29416666666667 43.6961111111111 -72.29416666666667 170324 180286
43.6961111111111 -72.29416666666667 43.69583333333333 -72.29444444444444 7581425 190310
43.69583333333333 -72.29444444444444 43.6961111111111 -72.29416666666667 360543 180262
43.6961111111111 -72.29416666666667 43.6961111111111 -72.29444444444444 4329909 180276
43.6961111111111 -72.29444444444444 43.69611111111111 -72.29333333333334 6465748 210939
43.69611111111111 -72.29333333333334 43.696111111111115 -72.29388888888889 2527727 180312
43.696111111111115 -72.29388888888889 43.69611111111111 -72.29388888888889 1983952 180212
43.69611111111111 -72.29388888888889 43.70444444444445 -72.29416666666667 7016743 200320
43.70444444444445 -72.29416666666667 43.696111111111115 -72.29444444444444 20940244 180239
43.696111111111115 -72.29444444444444 43.69638888888888 -72.29444444444444 4513190 220359
43.69638888888888 -72.29444444444444 43.696111111111115 -72.29444444444444 0 160234
43.696111111111115 -72.29444444444444 43.695277777777775 -72.29416666666667 0 170313
43.695277777777775 -72.29416666666667 43.69611111111111 -72.2936111111111 2878298 170253
43.69611111111111 -72.2936111111111 43.69555555555554 -72.2936111111111 1083838 180285
43.69555555555554 -72.2936111111111 43.69611111111111 -72.29416666666667 8980928 220365
43.69611111111111 -72.29416666666667 43.69638888888888 -72.29388888888889 540885 180372
43.69638888888888 -72.29388888888889 43.69611111111111 -72.29444444444444 2857709 200276
43.69611111111111 -72.29444444444444 43.69611111111111 -72.29416666666667 360749 190290
43.69611111111111 -72.29416666666667 43.69638888888888 -72.29416666666667 4011070 180296
43.69638888888888 -72.29416666666667 43.696666666666665 -72.2936111111111 2294725 190197
43.696666666666665 -72.2936111111111 43.69638888888887 -72.29416666666667 3978845 170242
43.69638888888887 -72.29416666666667 43.696111111111115 -72.29444444444444 180275 180288
43.696111111111115 -72.29444444444444 43.69611111111111 -72.29444444444444 13172439 182343
43.69611111111111 -72.29444444444444 43.695277777777775 -72.29444444444444 210274 180303
43.695277777777775 -72.29444444444444 43.69583333333333 -72.29472222222222 2205198 150270
43.69583333333333 -72.29472222222222 43.69583333333333 -72.29444444444444 0 150242
43.69583333333333 -72.29444444444444 43.696111111111115 -72.29444444444444 1442393 171791
43.696111111111115 -72.29444444444444 43.69611111111111 -72.29472222222222 2526466 180268
43.69611111111111 -72.29472222222222 43.698055555555555 -72.29444444444444 1073801 190337
43.698055555555555 -72.29444444444444 43.69611111111111 -72.29416666666667 3788339 180301
43.69611111111111 -72.29416666666667 43.7013888888889 -72.29444444444445 9742493 180282
43.7013888888889 -72.29444444444445 43.70138888888889 -72.29416666666667 170294 180257
43.70138888888889 -72.29416666666667 43.70138888888891 -72.29444444444445 721139 182724
43.70138888888891 -72.29444444444445 43.7025 -72.30277777777778 6672934 190315
43.7025 -72.30277777777778 43.70333333333334 -72.30277777777778 2195364 180432
43.70333333333334 -72.30277777777778 43.703333333333326 -72.30277777777779 540855 150156
43.703333333333326 -72.30277777777779 43.703611111111115 -72.30305555555556 2163460 181340
43.703611111111115 -72.30305555555556 43.696111111111115 -72.29388888888889 11911782 181384
43.696111111111115 -72.29388888888889 43.696388888888876 -72.29472222222222 4149703 364711
43.696388888888876 -72.29472222222222 43.69611111111111 -72.29444444444444 2525032 180332
43.69611111111111 -72.29444444444444 43.696111111111115 -72.29388888888889 3416404 182777
43.696111111111115 -72.29388888888889 43.69583333333333 -72.29444444444444 721124 192617
43.69583333333333 -72.29444444444444 43.69583333333333 -72.29444444444444 530845 180262
43.69583333333333 -72.29444444444444 43.696111111111115 -72.29416666666667 722591 190285
43.696111111111115 -72.29416666666667 43.69638888888888 -72.29416666666667 13894045 180271
43.69638888888888 -72.29416666666667 43.696111111111115 -72.29444444444444 3970819 180284
43.696111111111115 -72.29444444444444 43.69611111111111 -72.29416666666667 7397721 180251
43.69611111111111 -72.29416666666667 43.71083333333333 -72.28999999999999 34669456 180296
43.71083333333333 -72.28999999999999 43.70444444444445 -72.29444444444445 5113722 173562
43.70444444444445 -72.29444444444445 43.70444444444445 -72.2936111111111 4222845 140243
43.70444444444445 -72.2936111111111 43.69611111111111 -72.29444444444444 21087707 300576
43.69611111111111 -72.29444444444444 43.696388888888876 -72.29388888888889 1081670 180296
43.696388888888876 -72.29388888888889 43.69583333333333 -72.29444444444444 11549294 180303
