43.70055555555556 -72.29416666666667 43.63361111111111 -72.32249999999999 93318736 731123
43.63361111111111 -72.32249999999999 43.75194444444445 -72.23388888888888 174113754 180914
43.75194444444445 -72.23388888888888 43.70583333333333 -72.30416666666666 169870355 190308
43.70583333333333 -72.30416666666666 43.705000000000005 -72.29555555555555 24006795 160224
43.705000000000005 -72.29555555555555 43.70527777777778 -72.29527777777777 510816 590913
43.70527777777778 -72.29527777777777 43.70527777777778 -72.29555555555555 10811373 170216
43.70527777777778 -72.29555555555555 43.70527777777778 -72.29527777777777 1262384 180395
43.70527777777778 -72.29527777777777 43.70527777777778 -72.29527777777777 723460 360306
43.70527777777778 -72.29527777777777 43.70527777777778 -72.29527777777777 370542 180291
43.70527777777778 -72.29527777777777 43.71361111111111 -72.28666666666665 40951330 360623
43.71361111111111 -72.28666666666665 43.62722222222222 -72.13472222222222 3598471 180357
43.62722222222222 -72.13472222222222 43.702222222222225 -72.29305555555555 80020277 180282
43.702222222222225 -72.29305555555555 43.70083333333334 -72.29583333333333 454327462 190316
43.70083333333334 -72.29583333333333 43.70944444444445 -72.29388888888889 14251195 170301
43.70944444444445 -72.29388888888889 43.70972222222223 -72.29305555555555 0 170277
43.70972222222223 -72.29305555555555 43.71194444444445 -72.29722222222222 57910810 180297
43.71194444444445 -72.29722222222222 43.711666666666666 -72.29583333333333 2524941 180323
43.711666666666666 -72.29583333333333 43.71166666666665 -72.29694444444443 370701 170241
43.71166666666665 -72.29694444444443 43.73833333333334 -72.25638888888888 74403374 180206
43.73833333333334 -72.25638888888888 43.73833333333334 -72.25611111111111 2153515 180264
43.73833333333334 -72.25611111111111 43.71222222222223 -72.29888888888888 5999128 190332
43.71222222222223 -72.29888888888888 43.736944444444454 -72.22500000000001 87805723 180315
43.736944444444454 -72.22500000000001 43.73694444444445 -72.22472222222223 16948958 180280
43.73694444444445 -72.22472222222223 43.70444444444445 -72.29444444444444 230772556 190288
