43.69222222222222 -72.2875 43.69222222222222 -72.28805555555556 541336 180281
43.69222222222222 -72.28805555555556 43.69222222222221 -72.28833333333331 4333100 190241
43.69222222222221 -72.28833333333331 43.692222222222206 -72.28833333333331 4264312 220294
43.692222222222206 -72.28833333333331 43.69222222222222 -72.28805555555556 711104 360579
43.69222222222222 -72.28805555555556 43.69222222222222 -72.28833333333331 540457 190451
43.69222222222222 -72.28833333333331 43.69222222222222 -72.28833333333333 35655921 170265
43.69222222222222 -72.28833333333333 43.69222222222222 -72.28805555555556 1612735 190275
43.69222222222222 -72.28805555555556 43.692499999999995 -72.28833333333333 12964475 180300
43.692499999999995 -72.28833333333333 43.69222222222221 -72.28833333333331 1071702 190303
43.69222222222221 -72.28833333333331 43.692222222222206 -72.28805555555554 3952463 190294
43.692222222222206 -72.28805555555554 43.69222222222221 -72.28805555555556 1080916 180297
43.69222222222221 -72.28805555555556 43.69222222222221 -72.28805555555556 1091890 170212
43.69222222222221 -72.28805555555556 43.69222222222222 -72.28833333333333 5035775 180300
43.69222222222222 -72.28833333333333 43.691944444444445 -72.28805555555556 2704265 190299
43.691944444444445 -72.28805555555556 43.69972222222222 -72.26916666666666 3796410 170280
43.69972222222222 -72.26916666666666 43.699444444444445 -72.26916666666666 0 180263
43.699444444444445 -72.26916666666666 43.70944444444445 -72.29333333333334 17833296 180297
43.70944444444445 -72.29333333333334 43.69222222222221 -72.28833333333331 5962267 171343
43.69222222222221 -72.28833333333331 43.64666666666666 -72.25416666666666 38999573 180280
43.64666666666666 -72.25416666666666 43.64666666666667 -72.25416666666666 4493454 190368
43.64666666666667 -72.25416666666666 43.69222222222222 -72.28805555555556 6900421 180375
43.69222222222222 -72.28805555555556 43.69222222222221 -72.28833333333331 26118570 672033
43.69222222222221 -72.28833333333331 43.69194444444445 -72.28833333333331 59109192 1261366
43.69194444444445 -72.28833333333331 43.692499999999995 -72.28805555555556 360677 180311
43.692499999999995 -72.28805555555556 43.69222222222221 -72.28777777777778 76781507 180283
43.69222222222221 -72.28777777777778 43.69222222222222 -72.2875 170228 180348
43.69222222222222 -72.2875 43.69222222222222 -72.28777777777778 70289905 190333
43.69222222222222 -72.28777777777778 43.691944444444445 -72.28777777777778 42010226 190309
43.691944444444445 -72.28777777777778 43.69222222222222 -72.28805555555556 8596065 231433
43.69222222222222 -72.28805555555556 43.69222222222222 -72.28805555555556 183262 180293
43.69222222222222 -72.28805555555556 43.692499999999995 -72.28833333333333 4131725 1280395
43.692499999999995 -72.28833333333333 43.69222222222221 -72.28805555555556 180300 180255
43.69222222222221 -72.28805555555556 43.692222222222206 -72.28722222222223 34629665 180274
43.692222222222206 -72.28722222222223 43.69222222222222 -72.28833333333333 20009139 190344
43.69222222222222 -72.28833333333333 43.69222222222221 -72.28833333333331 2345762 180298
43.69222222222221 -72.28833333333331 43.69222222222222 -72.28805555555556 1074217 4515048
43.69222222222222 -72.28805555555556 43.69166666666666 -72.28750000000001 10634828 3072797
43.69166666666666 -72.28750000000001 43.69194444444444 -72.28805555555556 0 180317
43.69194444444444 -72.28805555555556 43.69222222222222 -72.28833333333333 5769338 180629
43.69222222222222 -72.28833333333333 43.69222222222222 -72.28833333333333 180290 40236067
43.69222222222222 -72.28833333333333 43.691944444444445 -72.28777777777778 26728302 180731
43.691944444444445 -72.28777777777778 43.692499999999995 -72.28888888888889 8648203 10441610
43.692499999999995 -72.28888888888889 43.69222222222222 -72.28833333333333 1091739 180263
43.69222222222222 -72.28833333333333 43.691944444444445 -72.28805555555556 1442359 170280
43.691944444444445 -72.28805555555556 43.691944444444445 -72.28805555555556 2153918 180313
43.691944444444445 -72.28805555555556 43.69222222222221 -72.28833333333331 39100356 190318
43.69222222222221 -72.28833333333331 43.69222222222221 -72.28805555555556 874642 200264
43.69222222222221 -72.28805555555556 43.69166666666666 -72.28805555555556 550838 180297
43.69166666666666 -72.28805555555556 43.692222222222206 -72.28805555555553 180269 180271
43.692222222222206 -72.28805555555553 43.692499999999995 -72.28805555555556 170279 1083422
43.692499999999995 -72.28805555555556 43.699444444444445 -72.2688888888889 20202685 191190
43.699444444444445 -72.2688888888889 43.69222222222222 -72.28805555555556 5143428 10185170
43.69222222222222 -72.28805555555556 43.692499999999995 -72.28833333333333 65398812 180306
43.692499999999995 -72.28833333333333 43.69222222222222 -72.28805555555556 11358530 100456
43.69222222222222 -72.28805555555556 43.69222222222222 -72.28805555555556 180301 180281
43.69222222222222 -72.28805555555556 43.66 -72.31833333333333 83668194 180261
43.66 -72.31833333333333 43.69222222222221 -72.28833333333331 80490872 260469
43.69222222222221 -72.28833333333331 43.69166666666666 -72.28777777777778 20724470 170307
43.69166666666666 -72.28777777777778 43.69222222222222 -72.28833333333333 891436 181641
43.69222222222222 -72.28833333333333 43.69222222222221 -72.28805555555554 2355220 180281
43.69222222222221 -72.28805555555554 43.706111111111106 -72.28944444444444 31009283 180268
43.706111111111106 -72.28944444444444 43.70583333333334 -72.28944444444444 0 170255
43.70583333333334 -72.28944444444444 43.691944444444445 -72.28861111111111 31221473 190345
43.691944444444445 -72.28861111111111 43.692499999999995 -72.28805555555556 130253 260392
43.692499999999995 -72.28805555555556 43.70944444444445 -72.28944444444444 165873986 352512
43.70944444444445 -72.28944444444444 43.691944444444445 -72.28805555555556 10557170 1813613
43.691944444444445 -72.28805555555556 43.691944444444445 -72.28805555555556 443701 13345984
43.691944444444445 -72.28805555555556 43.692499999999995 -72.28805555555556 370593 170205
43.692499999999995 -72.28805555555556 43.691944444444445 -72.28777777777778 39324859 180330
43.691944444444445 -72.28777777777778 43.692499999999995 -72.28805555555556 550843 170288
43.692499999999995 -72.28805555555556 43.692499999999995 -72.28833333333333 0 250340
