43.69222222222222 -72.28777777777778 43.692499999999995 -72.28833333333331 4332350 170217
43.692499999999995 -72.28833333333331 43.69166666666666 -72.2875 901233 350526
43.69166666666666 -72.2875 43.69222222222222 -72.28805555555556 3797266 180220
43.69222222222222 -72.28805555555556 43.69222222222222 -72.2875 4679733 180219
43.69222222222222 -72.2875 43.692499999999995 -72.28805555555556 1272548 180219
43.692499999999995 -72.28805555555556 43.69222222222222 -72.28805555555556 2533986 180217
43.69222222222222 -72.28805555555556 43.69916666666666 -72.26861111111111 68580360 170327
43.69916666666666 -72.26861111111111 43.69916666666666 -72.26972222222223 7964079 170234
43.69916666666666 -72.26972222222223 43.66888888888889 -72.29527777777777 68472224 430577
43.66888888888889 -72.29527777777777 43.668055555555554 -72.29555555555555 1623014 720388
43.668055555555554 -72.29555555555555 43.66777777777778 -72.29555555555555 0 180234
43.66777777777778 -72.29555555555555 43.69222222222222 -72.28777777777778 16762687 180235
43.69222222222222 -72.28777777777778 43.69222222222222 -72.28861111111111 50786530 180579
43.69222222222222 -72.28861111111111 43.69222222222221 -72.28805555555556 540719 180235
43.69222222222221 -72.28805555555556 43.63333333333333 -72.32305555555556 30108906 180250
43.63333333333333 -72.32305555555556 43.69222222222222 -72.28777777777778 17669486 180233
43.69222222222222 -72.28777777777778 43.69222222222222 -72.28777777777778 16764548 171217
43.69222222222222 -72.28777777777778 43.69222222222222 -72.28805555555556 6851594 170219
43.69222222222222 -72.28805555555556 43.69222222222222 -72.28805555555556 87229864 170202
43.69222222222222 -72.28805555555556 43.692499999999995 -72.28861111111111 33979237 171196
43.692499999999995 -72.28861111111111 43.71083333333333 -72.29055555555556 158250486 160187
43.71083333333333 -72.29055555555556 43.69194444444444 -72.2875 17478016 180234
43.69194444444444 -72.2875 43.69194444444445 -72.28805555555556 2914187 180330
43.69194444444445 -72.28805555555556 43.710555555555565 -72.29055555555556 58004172 160201
43.710555555555565 -72.29055555555556 43.69972222222222 -72.26916666666666 23298592 180235
43.69972222222222 -72.26916666666666 43.69944444444444 -72.26805555555555 1082188 130236
43.69944444444444 -72.26805555555555 43.69222222222222 -72.28833333333333 53376049 2223859
43.69222222222222 -72.28833333333333 43.69222222222222 -72.28805555555556 21233202 180232
43.69222222222222 -72.28805555555556 43.69222222222222 -72.28805555555556 4684066 180375
43.69222222222222 -72.28805555555556 43.69222222222222 -72.28805555555556 9731719 180232
43.69222222222222 -72.28805555555556 43.692222222222206 -72.28805555555554 7565437 180234
43.692222222222206 -72.28805555555554 43.692499999999995 -72.28888888888889 541015 180235
43.692499999999995 -72.28888888888889 43.69222222222221 -72.28777777777779 135802145 180766
43.69222222222221 -72.28777777777779 43.69222222222222 -72.28805555555556 1983286 180258
43.69222222222222 -72.28805555555556 43.69166666666666 -72.28694444444444 20541878 550277
43.69166666666666 -72.28694444444444 43.69194444444445 -72.28805555555556 9181844 180390
43.69194444444445 -72.28805555555556 43.69194444444444 -72.28805555555556 3243921 180235
43.69194444444444 -72.28805555555556 43.691944444444445 -72.28805555555556 240565203 180329
