43.70555555555556 -72.30888888888889 43.640277777777776 -72.25777777777778 7029188 180293
43.640277777777776 -72.25777777777778 43.63999999999999 -72.25861111111111 480829 420566
43.63999999999999 -72.25861111111111 43.640277777777776 -72.25861111111111 0 450728
43.640277777777776 -72.25861111111111 43.640277777777776 -72.25833333333334 0 90127
43.640277777777776 -72.25833333333334 43.640277777777776 -72.25833333333334 2341626 180263
43.640277777777776 -72.25833333333334 43.640277777777776 -72.25805555555556 0 220314
43.640277777777776 -72.25805555555556 43.64 -72.25833333333334 2691005 140290
43.64 -72.25833333333334 43.640277777777776 -72.25916666666667 6001043 190335
43.640277777777776 -72.25916666666667 43.63999999999999 -72.25833333333334 592270251 120281
43.63999999999999 -72.25833333333334 43.640277777777776 -72.25805555555554 510794 390596
43.640277777777776 -72.25805555555554 43.64 -72.25777777777778 170162183 180300
43.64 -72.25777777777778 43.63999999999999 -72.25833333333334 432972746 180301
43.63999999999999 -72.25833333333334 43.64055555555556 -72.25833333333334 170708884 370666
43.64055555555556 -72.25833333333334 43.63527777777778 -72.27777777777777 57709985 170243
43.63527777777778 -72.27777777777777 43.63444444444444 -72.27805555555555 180312 180282
