36.371001944251894 127.34609292085803 36.36926287368935 127.34749576934257 480000 30000
36.36926287368935 127.34749576934257 36.36963398411068 127.34801678426169 60000 30000
36.36963398411068 127.34801678426169 36.36956317724823 127.34789563362148 30000 30000
36.36956317724823 127.34789563362148 36.369604657272234 127.3480013641993 30000 30000
36.369604657272234 127.3480013641993 36.36955823711976 127.3479330022767 60000 60000
36.36955823711976 127.3479330022767 36.369534680472526 127.34788055998916 30000 180000
36.369534680472526 127.34788055998916 36.36951832065176 127.34791893694512 30000 30000
36.36951832065176 127.34791893694512 36.36956233429436 127.34796611736638 30000 30000
36.36956233429436 127.34796611736638 36.36958132284618 127.34792056728783 30000 120000
36.36958132284618 127.34792056728783 36.36949754842384 127.34782037220678 30000 180000
36.36949754842384 127.34782037220678 36.3695762088357 127.34795971627915 60000 90000
36.3695762088357 127.34795971627915 36.36956493014878 127.3479393293531 30000 60000
36.36956493014878 127.3479393293531 36.36956004230569 127.34800106729189 30000 90000
36.36956004230569 127.34800106729189 36.36952963549493 127.34794191034936 30000 60000
36.36952963549493 127.34794191034936 36.36956500133961 127.3479536251715 30000 30000
36.36956500133961 127.3479536251715 36.36953412977457 127.34790558937762 30000 60000
36.36953412977457 127.34790558937762 36.369588523061296 127.34796161837417 30000 60000
36.369588523061296 127.34796161837417 36.36958998167154 127.34794374095307 30000 30000
36.36958998167154 127.34794374095307 36.36956118671015 127.34792744680202 30000 90000
36.36956118671015 127.34792744680202 36.36950815820932 127.34788779995347 30000 60000
36.36950815820932 127.34788779995347 36.36958294617966 127.34798550707104 30000 30000
36.36958294617966 127.34798550707104 36.36963192102644 127.34803560167875 30000 90000
36.36963192102644 127.34803560167875 36.36965640445393 127.34808923375971 60000 30000
36.36965640445393 127.34808923375971 36.36959238329215 127.34790772232472 30000 30000
36.36959238329215 127.34790772232472 36.36946359154051 127.34778245971954 30000 30000
36.36946359154051 127.34778245971954 36.36954336009979 127.34790765641253 30000 60000
36.36954336009979 127.34790765641253 36.369602008506696 127.34794599488731 30000 30000
36.369602008506696 127.34794599488731 36.36967153132864 127.34802432115403 30000 60000
36.36967153132864 127.34802432115403 36.369681194174625 127.34807968495522 30000 60000
36.369681194174625 127.34807968495522 36.369632955288424 127.34803231425239 90000 30000
36.369632955288424 127.34803231425239 36.369654467527695 127.34812088755284 30000 330000
36.369654467527695 127.34812088755284 36.36961575727123 127.34802697086592 30000 60000
36.36961575727123 127.34802697086592 36.369669774430065 127.34808196081346 60000 60000
36.369669774430065 127.34808196081346 36.36957670031391 127.34797507587678 30000 30000
36.36957670031391 127.34797507587678 36.36960642211485 127.34795165714485 30000 30000
36.36960642211485 127.34795165714485 36.369560028917 127.34792059714191 30000 30000
36.369560028917 127.34792059714191 36.36955859698339 127.34795664876232 60000 150000
36.36955859698339 127.34795664876232 36.369597602827355 127.34801715257576 30000 60000
36.369597602827355 127.34801715257576 36.36959235115774 127.34798431139086 60000 60000
36.36959235115774 127.34798431139086 36.3696180513621 127.3480553921398 30000 30000
36.3696180513621 127.3480553921398 36.36963259804554 127.34816847809716 30000 30000
36.36963259804554 127.34816847809716 36.36960089370747 127.34802178131905 30000 30000
36.36960089370747 127.34802178131905 36.36957777624653 127.347994107656 30000 30000
36.36957777624653 127.347994107656 36.369665465475634 127.34813541156298 30000 90000
36.369665465475634 127.34813541156298 36.36959139212999 127.34798206848261 30000 60000
36.36959139212999 127.34798206848261 36.36957191066893 127.34803725087835 30000 30000
36.36957191066893 127.34803725087835 36.36955353596587 127.34798807158671 150000 60000
36.36955353596587 127.34798807158671 36.369564686645546 127.34800412070209 60000 60000
36.369564686645546 127.34800412070209 36.36960043836592 127.34810150390365 30000 180000
36.36960043836592 127.34810150390365 36.36958613062461 127.34807418366442 60000 90000
36.36958613062461 127.34807418366442 36.3695521954835 127.34802689385951 30000 180000
36.3695521954835 127.34802689385951 36.36946597697113 127.34809749632089 30000 150000
36.36946597697113 127.34809749632089 36.369564708495545 127.34797172798669 30000 30000
36.369564708495545 127.34797172798669 36.3695062320533 127.34794451612368 30000 90000
36.3695062320533 127.34794451612368 36.36956133179889 127.34794456554445 30000 30000
36.36956133179889 127.34794456554445 36.36959218589644 127.34798931674011 30000 30000
36.36959218589644 127.34798931674011 36.36956863862318 127.34796988635799 90000 90000
36.36956863862318 127.34796988635799 36.36952586388834 127.34791349455753 60000 60000
36.36952586388834 127.34791349455753 36.36953675166725 127.34799548202655 180000 30000
36.36953675166725 127.34799548202655 36.369535150633425 127.34796439996582 30000 60000
36.369535150633425 127.34796439996582 36.369570543284055 127.3480558374271 90000 60000
36.369570543284055 127.3480558374271 36.36954077313835 127.34797095276717 60000 30000
36.36954077313835 127.34797095276717 36.369518111087814 127.34802418914316 90000 30000
36.369518111087814 127.34802418914316 36.3695361149915 127.34799274428883 30000 30000
36.3695361149915 127.34799274428883 36.36947714816285 127.34794890098108 240000 30000
36.36947714816285 127.34794890098108 36.36957931959369 127.34794652810277 60000 60000
36.36957931959369 127.34794652810277 36.369599221414425 127.34790966013438 30000 30000
36.369599221414425 127.34790966013438 36.369519851822666 127.34797367403 90000 30000
36.369519851822666 127.34797367403 36.36959345109578 127.34792423084147 30000 60000
36.36959345109578 127.34792423084147 36.36956889125027 127.34794217423698 60000 30000
36.36956889125027 127.34794217423698 36.36959367545253 127.34798851686526 30000 30000
36.36959367545253 127.34798851686526 36.36956634610933 127.34794273825192 60000 60000
36.36956634610933 127.34794273825192 36.369552563579894 127.34787682446819 30000 120000
36.369552563579894 127.34787682446819 36.369511482505786 127.34787710483218 60000 30000
36.369511482505786 127.34787710483218 36.36950536165887 127.34780844023385 30000 30000
36.36950536165887 127.34780844023385 36.36954584767573 127.34789153810523 30000 60000
36.36954584767573 127.34789153810523 36.369553817529514 127.34791086574405 30000 60000
36.369553817529514 127.34791086574405 36.36953527485373 127.3478933494973 210000 120000
36.36953527485373 127.3478933494973 36.369606176400154 127.34812880648238 30000 90000
36.369606176400154 127.34812880648238 36.3695248887216 127.34790943751847 30000 30000
36.3695248887216 127.34790943751847 36.36948473048237 127.3477683893133 30000 30000
36.36948473048237 127.3477683893133 36.36955837008224 127.34789631806308 60000 30000
36.36955837008224 127.34789631806308 36.36951221585387 127.34776521455512 30000 90000
36.36951221585387 127.34776521455512 36.3700665257007 127.34969321743426 240000 30000
36.3700665257007 127.34969321743426 36.36970545593336 127.34868054796145 120000 30000
36.36970545593336 127.34868054796145 36.36935557200038 127.34842751867498 210000 30000
36.36935557200038 127.34842751867498 36.369489864072484 127.3476974074872 90000 30000
36.369489864072484 127.3476974074872 36.369549718630445 127.34754755247926 120000 30000
36.369549718630445 127.34754755247926 36.369555917524096 127.34729080741779 300000 30000
36.369555917524096 127.34729080741779 36.36949056883079 127.34720196377612 30000 30000
36.36949056883079 127.34720196377612 36.369493132082496 127.34752865261763 330000 30000
36.369493132082496 127.34752865261763 36.36947641751384 127.34746338536524 30000 30000
36.36947641751384 127.34746338536524 36.36957568095965 127.34776144615378 120000 30000
36.36957568095965 127.34776144615378 36.36954746622712 127.34767014617012 30000 30000
36.36954746622712 127.34767014617012 36.36959316503757 127.34780035090157 240000 30000
36.36959316503757 127.34780035090157 36.36963511242881 127.34804736876231 30000 30000
36.36963511242881 127.34804736876231 36.36957905764149 127.34793241920556 30000 30000
36.36957905764149 127.34793241920556 36.369573045618864 127.34808683426819 30000 30000
36.369573045618864 127.34808683426819 36.36954131580483 127.34784532185579 30000 30000
36.36954131580483 127.34784532185579 36.369532047852466 127.34792673213344 30000 60000
36.369532047852466 127.34792673213344 36.369484750654124 127.34772440501854 30000 150000
36.369484750654124 127.34772440501854 36.3695752981298 127.34798655428064 60000 30000
36.3695752981298 127.34798655428064 36.36955349435455 127.34787507635619 60000 30000
36.36955349435455 127.34787507635619 36.369567775770385 127.34792699165095 60000 30000
36.369567775770385 127.34792699165095 36.36959143502971 127.34800271103143 30000 120000
36.36959143502971 127.34800271103143 36.369586516344945 127.3480392497244 30000 60000
36.369586516344945 127.3480392497244 36.36952480930478 127.34789421532837 30000 120000
36.36952480930478 127.34789421532837 36.369557052456244 127.34793043187497 30000 180000
36.369557052456244 127.34793043187497 36.36957031765708 127.348007062179 30000 30000
36.36957031765708 127.348007062179 36.36955553732538 127.34789337660845 30000 30000
36.36955553732538 127.34789337660845 36.36957321081779 127.34803338345395 120000 180000
36.36957321081779 127.34803338345395 36.36943951114435 127.34829299310815 90000 30000
36.36943951114435 127.34829299310815 36.37675690990767 127.35625403744727 360000 30000
36.37675690990767 127.35625403744727 36.37677157198529 127.35621722440845 30000 150000
36.37677157198529 127.35621722440845 36.376762357779015 127.35626490363046 30000 60000
36.376762357779015 127.35626490363046 36.37655423275279 127.35607570061181 30000 690000
36.37655423275279 127.35607570061181 36.37656035080488 127.35590351262297 30000 60000
36.37656035080488 127.35590351262297 36.37658381876151 127.3561184370736 30000 30000
36.37658381876151 127.3561184370736 36.37657869997708 127.35603249706223 30000 30000
36.37657869997708 127.35603249706223 36.37657101968481 127.35604630076234 60000 60000
36.37657101968481 127.35604630076234 36.37657527678138 127.35596720260193 30000 60000
36.37657527678138 127.35596720260193 36.376573809470635 127.35592415244847 30000 180000
36.376573809470635 127.35592415244847 36.37656167659553 127.35598509058855 30000 30000
36.37656167659553 127.35598509058855 36.37655145501527 127.35593327539844 30000 30000
36.37655145501527 127.35593327539844 36.37654524415859 127.35589830943906 30000 60000
36.37654524415859 127.35589830943906 36.37653816296721 127.35606123162569 30000 30000
36.37653816296721 127.35606123162569 36.37655474982904 127.35586699102053 30000 60000
36.37655474982904 127.35586699102053 36.376537447042644 127.35600693428108 30000 90000
36.376537447042644 127.35600693428108 36.37654934212502 127.35586582825752 30000 30000
36.37654934212502 127.35586582825752 36.376541436311996 127.3560779490591 30000 30000
36.376541436311996 127.3560779490591 36.376548446284936 127.3559022537521 30000 90000
36.376548446284936 127.3559022537521 36.37656170883201 127.35595594636932 30000 60000
36.37656170883201 127.35595594636932 36.37664436652001 127.3560905737175 30000 60000
36.37664436652001 127.3560905737175 36.37667014334876 127.35627329744229 30000 30000
36.37667014334876 127.35627329744229 36.37658574897823 127.35597968940525 90000 30000
36.37658574897823 127.35597968940525 36.37654270552729 127.35583383372045 180000 30000
36.37654270552729 127.35583383372045 36.376542250214484 127.35624763569295 30000 60000
36.376542250214484 127.35624763569295 36.37657897533148 127.35606419469671 150000 30000
36.37657897533148 127.35606419469671 36.37659054003899 127.35570349709484 30000 30000
36.37659054003899 127.35570349709484 36.376572685258594 127.3560640380293 60000 30000
36.376572685258594 127.3560640380293 36.37654383386856 127.35577739790595 120000 30000
36.37654383386856 127.35577739790595 36.376529460520004 127.35564751484927 30000 30000
36.376529460520004 127.35564751484927 36.376669039188485 127.3562831101884 300000 30000
36.376669039188485 127.3562831101884 36.37676878469378 127.35620394836934 30000 30000
36.37676878469378 127.35620394836934 36.37687031592837 127.35615006883648 30000 30000
36.37687031592837 127.35615006883648 36.37664031808135 127.35575772107663 120000 30000
36.37664031808135 127.35575772107663 36.37658863981735 127.3556438163082 30000 30000
36.37658863981735 127.3556438163082 36.376490366700345 127.35553654033203 30000 30000
36.376490366700345 127.35553654033203 36.37633942795985 127.35530388660587 60000 30000
36.37633942795985 127.35530388660587 36.376589225164444 127.35602599916547 240000 30000
36.376589225164444 127.35602599916547 36.37673213630362 127.3562759965519 30000 60000
36.37673213630362 127.3562759965519 36.37678534960384 127.3562695515887 120000 60000
36.37678534960384 127.3562695515887 36.37667659064489 127.35633278411939 30000 210000
36.37667659064489 127.35633278411939 36.376654073631585 127.35634422135605 30000 30000
36.376654073631585 127.35634422135605 36.3765911566489 127.35648313416209 90000 30000
36.3765911566489 127.35648313416209 36.36932045068018 127.3482312385805 330000 30000
36.36932045068018 127.3482312385805 36.369506583906116 127.34783842272411 120000 30000
36.369506583906116 127.34783842272411 36.36950026832519 127.34779244290888 90000 60000
36.36950026832519 127.34779244290888 36.369539797996765 127.34788041976451 30000 30000
36.369539797996765 127.34788041976451 36.36961605679255 127.3480080763978 30000 90000
36.36961605679255 127.3480080763978 36.369576560703656 127.34792832089344 60000 30000
36.369576560703656 127.34792832089344 36.37307457278803 127.35171601950677 180000 60000
36.37307457278803 127.35171601950677 36.37291857298038 127.35157190915547 60000 2910000
36.37291857298038 127.35157190915547 36.37099877699932 127.3489626032568 300000 30000
36.37099877699932 127.3489626032568 36.369837612292535 127.34784577811227 240000 30000
36.369837612292535 127.34784577811227 36.37003603235704 127.34836391826737 90000 330000
36.37003603235704 127.34836391826737 36.37004550306236 127.34828060890129 30000 150000
36.37004550306236 127.34828060890129 36.369931380734904 127.34806567812674 30000 60000
36.369931380734904 127.34806567812674 36.36983610973025 127.34803917919352 30000 30000
36.36983610973025 127.34803917919352 36.36930478114745 127.34776366855492 120000 60000
36.36930478114745 127.34776366855492 36.369551617397235 127.34801970666118 60000 30000
36.369551617397235 127.34801970666118 36.36950661482601 127.34792177357392 90000 120000
36.36950661482601 127.34792177357392 36.3695510161842 127.34800663067688 30000 90000
36.3695510161842 127.34800663067688 36.36961403266099 127.34829310297032 60000 60000
36.36961403266099 127.34829310297032 36.37200465568031 127.35572694091042 720000 60000
36.37200465568031 127.35572694091042 36.372388467170715 127.35586507992097 30000 420000
36.372388467170715 127.35586507992097 36.372409299463484 127.35593329446903 180000 60000
36.372409299463484 127.35593329446903 36.372412986841766 127.35574273539481 90000 30000
36.372412986841766 127.35574273539481 36.37238675351182 127.35585839429768 30000 30000
36.37238675351182 127.35585839429768 36.37241989474349 127.35581189931648 150000 30000
36.37241989474349 127.35581189931648 36.3725655941478 127.35610588662506 180000 30000
36.3725655941478 127.35610588662506 36.372275617339284 127.35577503134449 240000 30000
36.372275617339284 127.35577503134449 36.37256490957113 127.3565048128535 30000 30000
36.37256490957113 127.3565048128535 36.37255133786056 127.35629844771488 30000 30000
36.37255133786056 127.35629844771488 36.37249034659655 127.3559942354515 330000 450000
36.37249034659655 127.3559942354515 36.37249771299504 127.35594482523248 240000 30000
36.37249771299504 127.35594482523248 36.37254339987731 127.35599923254142 570000 60000
36.37254339987731 127.35599923254142 36.37245380188283 127.35612461933852 30000 30000
36.37245380188283 127.35612461933852 36.3725680578822 127.35603368004496 30000 30000
36.3725680578822 127.35603368004496 36.37233281395487 127.35639935963005 120000 30000
36.37233281395487 127.35639935963005 36.37218562581981 127.3559865665525 450000 30000
36.37218562581981 127.3559865665525 36.37250159999984 127.35623285111257 90000 30000
36.37250159999984 127.35623285111257 36.372438204849765 127.35582452385805 90000 150000
36.372438204849765 127.35582452385805 36.37303452296533 127.35622174325307 60000 30000
36.37303452296533 127.35622174325307 36.37225729518259 127.35585759877858 60000 30000
36.37225729518259 127.35585759877858 36.37246290980641 127.35609662634334 90000 30000
36.37246290980641 127.35609662634334 36.37215552931381 127.35549201126898 120000 30000
36.37215552931381 127.35549201126898 36.372734697532195 127.3564409719822 180000 30000
36.372734697532195 127.3564409719822 36.37262166532157 127.35613862329916 30000 30000
36.37262166532157 127.35613862329916 36.37265212585427 127.3560666834783 30000 30000
36.37265212585427 127.3560666834783 36.37259569492734 127.35610509486084 30000 30000
36.37259569492734 127.35610509486084 36.37255810391951 127.35607975802971 30000 30000
36.37255810391951 127.35607975802971 36.37262290213718 127.35600777542453 60000 120000
36.37262290213718 127.35600777542453 36.3725587523612 127.35600851767592 30000 30000
36.3725587523612 127.35600851767592 36.37255725393813 127.35619326014385 210000 30000
36.37255725393813 127.35619326014385 36.37253826336637 127.35602884182566 30000 60000
36.37253826336637 127.35602884182566 36.37257423363055 127.3562352337826 150000 30000
36.37257423363055 127.3562352337826 36.37249611180431 127.35591730554881 60000 30000
36.37249611180431 127.35591730554881 36.372451478337446 127.35586457500919 30000 60000
36.372451478337446 127.35586457500919 36.37236836500976 127.35595236205555 90000 30000
36.37236836500976 127.35595236205555 36.37246151987189 127.35590260568651 150000 30000
36.37246151987189 127.35590260568651 36.372416998731175 127.35586600426204 90000 30000
36.372416998731175 127.35586600426204 36.37239180902538 127.35584370427551 60000 60000
36.37239180902538 127.35584370427551 36.37244470859969 127.35594146089299 30000 90000
36.37244470859969 127.35594146089299 36.37235923408106 127.35586162284301 30000 30000
36.37235923408106 127.35586162284301 36.37189949729894 127.35612407731972 240000 30000
36.37189949729894 127.35612407731972 36.371868075037725 127.3560056479012 30000 30000
36.371868075037725 127.3560056479012 36.371859302757805 127.3560066415389 30000 30000
36.371859302757805 127.3560066415389 36.36937204875332 127.34830133803008 1020000 210000
36.36937204875332 127.34830133803008 36.36934661436645 127.34815483916952 30000 30000
36.36934661436645 127.34815483916952 36.36964814930697 127.34800267256294 180000 30000
36.36964814930697 127.34800267256294 36.369697134947174 127.34794984300906 30000 60000
36.369697134947174 127.34794984300906 36.36960637787205 127.34799566617725 30000 90000
36.36960637787205 127.34799566617725 36.36967240975444 127.34802295232404 30000 90000
36.36967240975444 127.34802295232404 36.36966797453115 127.34800033066357 30000 30000
36.36966797453115 127.34800033066357 36.36971825773308 127.34813273982616 30000 60000
36.36971825773308 127.34813273982616 36.369523639548376 127.34793104213954 90000 30000
36.369523639548376 127.34793104213954 36.36960176006761 127.34799631760795 30000 30000
36.36960176006761 127.34799631760795 36.369642865206416 127.34797720334328 30000 90000
36.369642865206416 127.34797720334328 36.36955460089234 127.3480533734997 150000 90000
36.36955460089234 127.3480533734997 36.36964199490421 127.34817464614977 30000 120000
36.36964199490421 127.34817464614977 36.369633105715664 127.34815942399959 270000 30000
36.369633105715664 127.34815942399959 36.36968901137136 127.34812639042622 60000 30000
36.36968901137136 127.34812639042622 36.369711157678125 127.34805718978899 120000 30000
36.369711157678125 127.34805718978899 36.36967390469598 127.34810277379447 30000 30000
36.36967390469598 127.34810277379447 36.36958515432228 127.34796315210386 30000 90000
36.36958515432228 127.34796315210386 36.3696539045166 127.34811647866563 30000 30000
36.3696539045166 127.34811647866563 36.369686480818395 127.34816689484711 30000 120000
36.369686480818395 127.34816689484711 36.369607966864926 127.34800762018028 30000 30000
36.369607966864926 127.34800762018028 36.3696154509752 127.34798911607214 60000 60000
36.3696154509752 127.34798911607214 36.36965941583704 127.34806591409104 30000 60000
36.36965941583704 127.34806591409104 36.36965441388217 127.34810353243984 210000 60000
36.36965441388217 127.34810353243984 36.36940946695172 127.34760440058545 30000 90000
36.36940946695172 127.34760440058545 36.36935860624969 127.34750810349873 30000 30000
36.36935860624969 127.34750810349873 36.369424534721695 127.34770354529049 30000 30000
36.369424534721695 127.34770354529049 36.36967016932947 127.34809373612228 60000 150000
36.36967016932947 127.34809373612228 36.369596815826384 127.34796374582537 30000 30000
36.369596815826384 127.34796374582537 36.369586089194144 127.34798290958504 60000 30000
36.369586089194144 127.34798290958504 36.36965800819384 127.3480980900412 30000 30000
36.36965800819384 127.3480980900412 36.36960976674908 127.34791903588687 60000 30000
36.36960976674908 127.34791903588687 36.36953527681694 127.34787178617132 30000 30000
36.36953527681694 127.34787178617132 36.36953260925448 127.3478541561303 150000 30000
36.36953260925448 127.3478541561303 36.36956134789972 127.3479597382844 30000 30000
36.36956134789972 127.3479597382844 36.36954446421447 127.34789268160925 240000 30000
36.36954446421447 127.34789268160925 36.36961243426697 127.3480569094211 180000 30000
36.36961243426697 127.3480569094211 36.369671208911186 127.34803378754455 30000 30000
36.369671208911186 127.34803378754455 36.36958041022849 127.34802248497654 30000 30000
36.36958041022849 127.34802248497654 36.36965980539671 127.34806619441247 30000 60000
36.36965980539671 127.34806619441247 36.369560598402956 127.34795584609698 270000 30000
