36.37125543031558 127.34584868539055 36.371182426747204 127.34587794697624 30000 180000
36.371182426747204 127.34587794697624 36.37120378329378 127.34584773357668 30000 60000
36.37120378329378 127.34584773357668 36.371004724589724 127.34606979074718 1200000 120000
36.371004724589724 127.34606979074718 36.371052004496136 127.34600938861651 120000 90000
36.371052004496136 127.34600938861651 36.37108257520355 127.3460726630761 180000 60000
36.37108257520355 127.3460726630761 36.37119053412414 127.34598412279406 90000 60000
36.37119053412414 127.34598412279406 36.37098557083454 127.34603511619952 120000 120000
36.37098557083454 127.34603511619952 36.370991467471775 127.34605226791952 90000 60000
36.370991467471775 127.34605226791952 36.370953872010105 127.3460453082915 30000 150000
36.370953872010105 127.3460453082915 36.370976893995014 127.3460678529437 120000 120000
36.370976893995014 127.3460678529437 36.3711264486588 127.34599922949101 90000 150000
36.3711264486588 127.34599922949101 36.37106094999266 127.34601268704792 30000 120000
36.37106094999266 127.34601268704792 36.371032259777145 127.34598888350435 60000 60000
36.371032259777145 127.34598888350435 36.37116898435721 127.34609735719587 90000 150000
36.37116898435721 127.34609735719587 36.37100121893716 127.34597013753337 330000 120000
36.37100121893716 127.34597013753337 36.37102023833984 127.34597801247756 60000 150000
36.37102023833984 127.34597801247756 36.37109535680012 127.34598864163544 30000 90000
36.37109535680012 127.34598864163544 36.37100615917207 127.34592000173109 90000 120000
36.37100615917207 127.34592000173109 36.37093272505477 127.34584397337385 30000 120000
36.37093272505477 127.34584397337385 36.370966148597056 127.34600933361908 90000 120000
36.370966148597056 127.34600933361908 36.37087062183767 127.34553370297992 780000 60000
36.37087062183767 127.34553370297992 36.371018626515294 127.34571756181421 240000 60000
36.371018626515294 127.34571756181421 36.37099865010912 127.34570539892354 150000 90000
36.37099865010912 127.34570539892354 36.37079188501401 127.34562319981433 120000 210000
36.37079188501401 127.34562319981433 36.370819785443544 127.34553573700273 210000 60000
36.370819785443544 127.34553573700273 36.37086215997249 127.34565233577554 60000 120000
36.37086215997249 127.34565233577554 36.370965718840615 127.34579177604671 570000 60000
36.370965718840615 127.34579177604671 36.36876188969351 127.34574304206373 1020000 90000
36.36876188969351 127.34574304206373 36.36380248794147 127.36611595497618 1080000 210000
36.36380248794147 127.36611595497618 36.356504437009875 127.36844203635789 690000 5820000
36.356504437009875 127.36844203635789 36.372161843975185 127.35458327461936 1890000 4830000
36.372161843975185 127.35458327461936 36.363762371142464 127.36640549741381 330000 930000
36.363762371142464 127.36640549741381 36.35643137464525 127.36849167876001 540000 8100000
36.35643137464525 127.36849167876001 36.36365803385148 127.36630644937838 540000 10590000
