36.37283509735451 127.36136266062383 36.372855513761884 127.36140334232668 30000 30000
36.372855513761884 127.36140334232668 36.37301844137569 127.3611573357295 120000 60000
36.37301844137569 127.3611573357295 36.37465765232348 127.35719594507 480000 30000
36.37465765232348 127.35719594507 36.37388035627776 127.35766019605431 780000 30000
36.37388035627776 127.35766019605431 36.374873473771856 127.3567806752236 150000 180000
36.374873473771856 127.3567806752236 36.37568719660727 127.35584772017802 240000 30000
36.37568719660727 127.35584772017802 36.37192384830376 127.35069607537777 270000 330000
36.37192384830376 127.35069607537777 36.37192348378198 127.35076624510366 30000 180000
36.37192348378198 127.35076624510366 36.371887191111824 127.35079191769769 30000 150000
36.371887191111824 127.35079191769769 36.371889958104845 127.35074491537917 30000 270000
36.371889958104845 127.35074491537917 36.37191260392847 127.35086657175789 30000 870000
36.37191260392847 127.35086657175789 36.37189754135635 127.35075903960198 30000 60000
36.37189754135635 127.35075903960198 36.3718991722886 127.35076267180982 30000 810000
36.3718991722886 127.35076267180982 36.37188130808982 127.35069996275895 30000 240000
36.37188130808982 127.35069996275895 36.3718499584251 127.3506431594542 30000 390000
36.3718499584251 127.3506431594542 36.37191293967514 127.35081146081885 60000 120000
36.37191293967514 127.35081146081885 36.37193610951714 127.350684884331 30000 90000
36.37193610951714 127.350684884331 36.37452960822807 127.35614186061423 240000 30000
36.37452960822807 127.35614186061423 36.37454019710883 127.35616512510747 30000 990000
36.37454019710883 127.35616512510747 36.37447712948869 127.35622373884996 30000 1080000
36.37447712948869 127.35622373884996 36.3744818305616 127.35615117374714 30000 210000
36.3744818305616 127.35615117374714 36.37450439617613 127.35601813781459 30000 60000
36.37450439617613 127.35601813781459 36.374513395162424 127.35608025799213 30000 60000
36.374513395162424 127.35608025799213 36.37450372454799 127.35602047422819 30000 30000
36.37450372454799 127.35602047422819 36.37453052090122 127.35603036950474 30000 90000
36.37453052090122 127.35603036950474 36.37451514143936 127.35608245692134 30000 90000
36.37451514143936 127.35608245692134 36.374506343619906 127.35613468167824 30000 60000
36.374506343619906 127.35613468167824 36.374494923005514 127.35602687579488 30000 90000
36.374494923005514 127.35602687579488 36.37449633705712 127.35597525858175 30000 540000
36.37449633705712 127.35597525858175 36.37447269723094 127.35586668587678 90000 60000
36.37447269723094 127.35586668587678 36.37451379823108 127.35606129211664 60000 30000
36.37451379823108 127.35606129211664 36.37451976209469 127.35596959630068 30000 30000
36.37451976209469 127.35596959630068 36.37454684035084 127.35589499729853 180000 270000
36.37454684035084 127.35589499729853 36.37455933187145 127.35603820326375 30000 60000
36.37455933187145 127.35603820326375 36.37453938564364 127.35598749020642 30000 30000
36.37453938564364 127.35598749020642 36.37455691410558 127.35590296847334 90000 90000
36.37455691410558 127.35590296847334 36.368994554573874 127.36304237638917 300000 30000
36.368994554573874 127.36304237638917 36.369015911030075 127.36296898609965 30000 30000
36.369015911030075 127.36296898609965 36.36903283511094 127.36293820045448 30000 30000
36.36903283511094 127.36293820045448 36.36905244548485 127.36292115946775 30000 60000
36.36905244548485 127.36292115946775 36.369070492861184 127.36279402044146 30000 60000
36.369070492861184 127.36279402044146 36.36901403060434 127.36292995536614 30000 300000
36.36901403060434 127.36292995536614 36.36902880559467 127.3628815792307 30000 60000
36.36902880559467 127.3628815792307 36.36892403784512 127.36315946932379 150000 30000
36.36892403784512 127.36315946932379 36.36890630795158 127.3631767857936 30000 90000
36.36890630795158 127.3631767857936 36.36898587766993 127.36298448933252 30000 30000
36.36898587766993 127.36298448933252 36.3689918490155 127.36300244159642 30000 420000
36.3689918490155 127.36300244159642 36.36900073320739 127.36299056344448 90000 180000
36.36900073320739 127.36299056344448 36.36896449428086 127.36297888150402 30000 330000
36.36896449428086 127.36297888150402 36.36895329224511 127.36307766885093 30000 120000
36.36895329224511 127.36307766885093 36.368987077553086 127.36299940508876 30000 270000
36.368987077553086 127.36299940508876 36.36897738879642 127.36308542000761 30000 240000
36.36897738879642 127.36308542000761 36.36897656824351 127.36301336514252 30000 120000
36.36897656824351 127.36301336514252 36.36896822828746 127.36291841076108 30000 300000
36.36896822828746 127.36291841076108 36.36898238541097 127.36305573504919 30000 150000
36.36898238541097 127.36305573504919 36.36900435973948 127.36309212725021 30000 120000
36.36900435973948 127.36309212725021 36.36898931618296 127.36307453561427 30000 240000
