36.36777196911445 127.35717186664766 36.367709296515706 127.35715265343424 180000 60000
36.367709296515706 127.35715265343424 36.367740995458185 127.35722010595423 120000 60000
36.367740995458185 127.35722010595423 36.36773459044058 127.35719965570459 990000 60000
36.36773459044058 127.35719965570459 36.367712600721184 127.3571651392233 30000 180000
36.367712600721184 127.3571651392233 36.36777880586379 127.35714667503764 30000 330000
36.36777880586379 127.35714667503764 36.36767410533598 127.3572277746347 270000 90000
36.36767410533598 127.3572277746347 36.36767048410841 127.35723519609834 60000 60000
36.36767048410841 127.35723519609834 36.36770194933306 127.35719847380305 240000 120000
36.36770194933306 127.35719847380305 36.367747798634625 127.3572638304342 210000 60000
36.367747798634625 127.3572638304342 36.36776244601198 127.3568866915527 180000 90000
36.36776244601198 127.3568866915527 36.36773621374015 127.35705507543015 660000 60000
36.36773621374015 127.35705507543015 36.370054425109494 127.34893564150633 1710000 60000
36.370054425109494 127.34893564150633 36.37007497243276 127.34844606450868 1050000 330000
36.37007497243276 127.34844606450868 36.37228796780921 127.35444193780025 1530000 120000
36.37228796780921 127.35444193780025 36.369797038077614 127.34847423370668 1350000 4980000
36.369797038077614 127.34847423370668 36.3699485234564 127.34881436743399 450000 150000
36.3699485234564 127.34881436743399 36.369675222263055 127.3479430812445 150000 60000
36.369675222263055 127.3479430812445 36.37017618141447 127.34877289488763 180000 240000
36.37017618141447 127.34877289488763 36.37010185533615 127.34878276458686 30000 60000
36.37010185533615 127.34878276458686 36.36992993780417 127.34887282539432 570000 60000
36.36992993780417 127.34887282539432 36.36999132615292 127.3487327409706 2280000 180000
36.36999132615292 127.3487327409706 36.37001128492986 127.34885129841663 240000 60000
36.37001128492986 127.34885129841663 36.36983175119525 127.34792755239764 150000 720000
36.36983175119525 127.34792755239764 36.37005156680277 127.34907099996734 660000 90000
36.37005156680277 127.34907099996734 36.36768315294141 127.35605525599449 2550000 60000
36.36768315294141 127.35605525599449 36.36772799348751 127.3565801318793 6060000 60000
36.36772799348751 127.3565801318793 36.36758010980298 127.3570564223791 930000 630000
36.36758010980298 127.3570564223791 36.36761773315094 127.35812716299847 300000 1500000
36.36761773315094 127.35812716299847 36.36725105868374 127.36041634750264 690000 510000
36.36725105868374 127.36041634750264 36.367487865911734 127.35749678757742 540000 1170000
36.367487865911734 127.35749678757742 36.368020134320716 127.35624633283189 300000 510000
36.368020134320716 127.35624633283189 36.36809282686661 127.35622670735135 840000 1560000
36.36809282686661 127.35622670735135 36.3675326420066 127.35592506786028 690000 270000
36.3675326420066 127.35592506786028 36.36725560928831 127.35562965115189 150000 270000
36.36725560928831 127.35562965115189 36.36750273146008 127.35749310609108 240000 240000
36.36750273146008 127.35749310609108 36.36771444088032 127.3570978997714 840000 390000
36.36771444088032 127.3570978997714 36.36765451642984 127.35723046838994 750000 60000
36.36765451642984 127.35723046838994 36.36765846000843 127.35721326167696 60000 60000
36.36765846000843 127.35721326167696 36.367665358532214 127.35720059584975 240000 90000
36.367665358532214 127.35720059584975 36.36764889203258 127.35726100747185 30000 60000
36.36764889203258 127.35726100747185 36.367656739396594 127.35729568059614 510000 360000
36.367656739396594 127.35729568059614 36.367672595586306 127.35723661437395 30000 90000
36.367672595586306 127.35723661437395 36.36767213353473 127.35727915282747 30000 60000
36.36767213353473 127.35727915282747 36.36768296415043 127.35724335734122 30000 60000
36.36768296415043 127.35724335734122 36.36766660771676 127.35729977891319 30000 180000
36.36766660771676 127.35729977891319 36.367658261224 127.35728955382403 180000 90000
36.367658261224 127.35728955382403 36.36768104683679 127.3572454871005 660000 60000
36.36768104683679 127.3572454871005 36.36767400864193 127.35735987597155 30000 60000
36.36767400864193 127.35735987597155 36.36767139744891 127.35747803598288 90000 60000
36.36767139744891 127.35747803598288 36.367641820767 127.35743040698067 1500000 60000
