36.36784122319635 127.3498621785206 36.368088340735696 127.34948569254855 540000 30000
36.368088340735696 127.34948569254855 36.36786822104829 127.34880611020118 510000 60000
36.36786822104829 127.34880611020118 36.36678284371651 127.34809338980463 660000 60000
36.36678284371651 127.34809338980463 36.368009173940784 127.34908507320026 180000 30000
36.368009173940784 127.34908507320026 36.36747695395173 127.34866295916225 360000 30000
36.36747695395173 127.34866295916225 36.36791730073892 127.34892155458499 60000 30000
36.36791730073892 127.34892155458499 36.367991685849034 127.34898018373028 30000 30000
36.367991685849034 127.34898018373028 36.36805986540102 127.34901308535945 30000 30000
36.36805986540102 127.34901308535945 36.36810326340301 127.34906808638105 60000 30000
36.36810326340301 127.34906808638105 36.36812562727303 127.34915766569925 30000 150000
36.36812562727303 127.34915766569925 36.36807445225634 127.34903906038453 30000 60000
36.36807445225634 127.34903906038453 36.368117380181666 127.34907014784496 30000 30000
36.368117380181666 127.34907014784496 36.36810008003124 127.34899708811196 30000 60000
36.36810008003124 127.34899708811196 36.368068125924964 127.34907583766895 30000 30000
36.368068125924964 127.34907583766895 36.368049146840676 127.34915491701645 30000 30000
36.368049146840676 127.34915491701645 36.368033915193166 127.34906487041431 30000 120000
36.368033915193166 127.34906487041431 36.36807191367757 127.34907064264577 30000 30000
36.36807191367757 127.34907064264577 36.36810394841778 127.3490137450693 120000 30000
36.36810394841778 127.3490137450693 36.36801145736592 127.3491685503897 60000 30000
36.36801145736592 127.3491685503897 36.368060429511004 127.34921841136747 30000 60000
36.368060429511004 127.34921841136747 36.36809103784006 127.34903861510142 30000 30000
36.36809103784006 127.34903861510142 36.36810069796024 127.34891931434493 30000 120000
36.36810069796024 127.34891931434493 36.36809121513135 127.34910061690927 150000 330000
36.36809121513135 127.34910061690927 36.36809210160831 127.34899160450807 30000 150000
36.36809210160831 127.34899160450807 36.36810886446321 127.34888263329094 30000 30000
36.36810886446321 127.34888263329094 36.36811118814878 127.34908287423853 30000 30000
36.36811118814878 127.34908287423853 36.368103666360035 127.34892425506206 30000 60000
36.368103666360035 127.34892425506206 36.368070369066885 127.34909285192073 30000 90000
36.368070369066885 127.34909285192073 36.368095748311454 127.34897853452965 30000 60000
36.368095748311454 127.34897853452965 36.36809175236839 127.34886960456485 30000 30000
36.36809175236839 127.34886960456485 36.368080113750224 127.3490046744815 30000 60000
36.368080113750224 127.3490046744815 36.36826686225133 127.34953712020658 30000 30000
36.36826686225133 127.34953712020658 36.36833548510393 127.35004169449363 60000 30000
36.36833548510393 127.35004169449363 36.3684241749546 127.35030977265228 240000 30000
36.3684241749546 127.35030977265228 36.36809673558406 127.34898191544119 60000 30000
36.36809673558406 127.34898191544119 36.36801207519463 127.34857184062507 120000 30000
36.36801207519463 127.34857184062507 36.36754803480018 127.34677148614111 510000 30000
36.36754803480018 127.34677148614111 36.367664206075766 127.34724959066963 30000 30000
36.367664206075766 127.34724959066963 36.36764192279283 127.34708895808853 60000 30000
36.36764192279283 127.34708895808853 36.368227010197984 127.34946859579252 270000 30000
36.368227010197984 127.34946859579252 36.36791564863533 127.3482089331273 420000 30000
36.36791564863533 127.3482089331273 36.36800885158189 127.34856425430905 60000 30000
36.36800885158189 127.34856425430905 36.36793008771301 127.34841997638995 60000 30000
36.36793008771301 127.34841997638995 36.368028273892975 127.34872274286417 240000 60000
36.368028273892975 127.34872274286417 36.368154599575334 127.34911912922306 330000 30000
36.368154599575334 127.34911912922306 36.368034801707125 127.34884973163366 30000 30000
36.368034801707125 127.34884973163366 36.36806139657354 127.34893598508339 30000 30000
36.36806139657354 127.34893598508339 36.36807001978036 127.3489451381964 210000 30000
36.36807001978036 127.3489451381964 36.36801340495018 127.3485256628503 120000 30000
36.36801340495018 127.3485256628503 36.36801509733279 127.34868613051464 30000 30000
36.36801509733279 127.34868613051464 36.368149885058614 127.3493283308747 120000 30000
36.368149885058614 127.3493283308747 36.368206983468724 127.34984519159477 120000 30000
36.368206983468724 127.34984519159477 36.368118535334254 127.34932736881565 60000 30000
36.368118535334254 127.34932736881565 36.368098911493135 127.34938918649738 180000 60000
36.368098911493135 127.34938918649738 36.36812889122285 127.34947008004205 60000 30000
36.36812889122285 127.34947008004205 36.36815214156158 127.34920917578546 150000 30000
36.36815214156158 127.34920917578546 36.368068609516314 127.34929749068675 30000 30000
36.368068609516314 127.34929749068675 36.368036010596356 127.34881567556718 60000 30000
36.368036010596356 127.34881567556718 36.3681347340012 127.34949778666615 120000 30000
36.3681347340012 127.34949778666615 36.36813912620079 127.34960168661013 30000 30000
36.36813912620079 127.34960168661013 36.36812449902092 127.34954322225234 30000 30000
36.36812449902092 127.34954322225234 36.36810486176913 127.34935947343702 30000 30000
36.36810486176913 127.34935947343702 36.368097581751975 127.34943341272931 30000 60000
36.368097581751975 127.34943341272931 36.368111712006574 127.34946282353077 60000 60000
36.368111712006574 127.34946282353077 36.36810632581291 127.34976479295335 120000 60000
36.36810632581291 127.34976479295335 36.36807635955191 127.34953005607561 120000 30000
36.36807635955191 127.34953005607561 36.36805282716697 127.34975616206005 30000 60000
36.36805282716697 127.34975616206005 36.368024647337506 127.35049778203137 90000 60000
36.368024647337506 127.35049778203137 36.36802883797117 127.35032304878007 30000 30000
36.36802883797117 127.35032304878007 36.36801734048066 127.3501981490222 30000 30000
36.36801734048066 127.3501981490222 36.367986850371 127.35013817296911 120000 60000
36.367986850371 127.35013817296911 36.36800341169002 127.34977699702796 90000 30000
36.36800341169002 127.34977699702796 36.36801558086894 127.34930367519053 30000 30000
36.36801558086894 127.34930367519053 36.36778613962911 127.35002099692656 330000 30000
36.36778613962911 127.35002099692656 36.36789981255687 127.3496412674618 30000 30000
36.36789981255687 127.3496412674618 36.3680526525917 127.34956342508978 90000 30000
36.3680526525917 127.34956342508978 36.36837054200995 127.34909290690186 720000 30000
36.36837054200995 127.34909290690186 36.368816876548266 127.35009854252806 180000 30000
36.368816876548266 127.35009854252806 36.36817236176422 127.34872949639274 660000 30000
36.36817236176422 127.34872949639274 36.368199010339985 127.34855281979452 30000 30000
36.368199010339985 127.34855281979452 36.36806051817557 127.34906907588169 30000 60000
36.36806051817557 127.34906907588169 36.36801086231768 127.3492173476586 60000 30000
36.36801086231768 127.3492173476586 36.367984196920666 127.34930847860566 30000 30000
36.367984196920666 127.34930847860566 36.367943581286994 127.3494266483055 30000 90000
36.367943581286994 127.3494266483055 36.36778520877355 127.35009270440769 240000 30000
36.36778520877355 127.35009270440769 36.36812944725217 127.34873946577972 150000 30000
36.36812944725217 127.34873946577972 36.368247576863766 127.34822433666582 60000 30000
36.368247576863766 127.34822433666582 36.36822910737442 127.348264182988 150000 30000
36.36822910737442 127.348264182988 36.368138612430705 127.34870125781636 60000 30000
36.368138612430705 127.34870125781636 36.36813598585682 127.3486854103662 30000 90000
36.36813598585682 127.3486854103662 36.368145363917414 127.34856427076953 60000 60000
36.368145363917414 127.34856427076953 36.36814461604767 127.34862065048279 90000 30000
36.36814461604767 127.34862065048279 36.36806356449531 127.34888661114651 90000 120000
36.36806356449531 127.34888661114651 36.368077542925946 127.34886293352524 30000 120000
36.368077542925946 127.34886293352524 36.36807990289672 127.34889238560119 60000 30000
36.36807990289672 127.34889238560119 36.36810539905331 127.34883335503548 60000 60000
36.36810539905331 127.34883335503548 36.3679978147237 127.3492790361843 90000 60000
36.3679978147237 127.3492790361843 36.367989606566496 127.34924089831873 30000 30000
36.367989606566496 127.34924089831873 36.36796955155912 127.34933760772356 60000 90000
36.36796955155912 127.34933760772356 36.36797913387633 127.34928822224853 30000 30000
36.36797913387633 127.34928822224853 36.36806119204893 127.34899497161598 30000 30000
36.36806119204893 127.34899497161598 36.36804634232717 127.34908947657239 30000 30000
36.36804634232717 127.34908947657239 36.367997568926185 127.3493139827724 30000 30000
36.367997568926185 127.3493139827724 36.36810100688002 127.34868461322824 90000 30000
36.36810100688002 127.34868461322824 36.36766397239786 127.34963584709476 270000 30000
36.36766397239786 127.34963584709476 36.367574557181705 127.34961037791452 90000 60000
36.367574557181705 127.34961037791452 36.36738408139881 127.34978943205539 60000 30000
36.36738408139881 127.34978943205539 36.367711061454905 127.34926983359655 30000 30000
36.367711061454905 127.34926983359655 36.36776646741708 127.34902941252903 30000 30000
36.36776646741708 127.34902941252903 36.36740534926443 127.34949432328989 390000 30000
36.36740534926443 127.34949432328989 36.367560905136244 127.349338588931 90000 30000
36.367560905136244 127.349338588931 36.36785675301374 127.34904987913808 150000 30000
36.36785675301374 127.34904987913808 36.367816884883766 127.34899462525141 30000 30000
36.367816884883766 127.34899462525141 36.36766052309838 127.34931584640081 30000 60000
36.36766052309838 127.34931584640081 36.3675358575825 127.34956533812397 30000 30000
36.3675358575825 127.34956533812397 36.36793196819271 127.34902227145314 150000 30000
36.36793196819271 127.34902227145314 36.36786008719043 127.3492516114992 60000 30000
36.36786008719043 127.3492516114992 36.367747904232274 127.34932726098076 30000 120000
36.367747904232274 127.34932726098076 36.367836621493495 127.349384607209 420000 30000
36.367836621493495 127.349384607209 36.3680704106567 127.34919881057738 30000 60000
36.3680704106567 127.34919881057738 36.367891680990354 127.34932913902082 30000 30000
36.367891680990354 127.34932913902082 36.367853150617165 127.34933781386304 30000 30000
36.367853150617165 127.34933781386304 36.36747573454456 127.34981380337659 60000 420000
36.36747573454456 127.34981380337659 36.36830138987256 127.34967981491292 90000 2130000
36.36830138987256 127.34967981491292 36.36821360797852 127.34961685924657 30000 60000
36.36821360797852 127.34961685924657 36.36825353254844 127.34962833777365 30000 30000
36.36825353254844 127.34962833777365 36.36808057712434 127.34936906625902 30000 30000
36.36808057712434 127.34936906625902 36.367891068451186 127.34944659535962 180000 30000
36.367891068451186 127.34944659535962 36.36802815299421 127.34942687086681 30000 30000
36.36802815299421 127.34942687086681 36.367997429216096 127.34932220133796 60000 30000
36.367997429216096 127.34932220133796 36.36801871587352 127.34925967451197 90000 60000
36.36801871587352 127.34925967451197 36.368102965257435 127.34908007609758 90000 30000
36.368102965257435 127.34908007609758 36.368109501130796 127.34936049042858 120000 30000
36.368109501130796 127.34936049042858 36.367935143482114 127.3494197463852 60000 30000
36.367935143482114 127.3494197463852 36.36799469179733 127.34953149645222 180000 30000
36.36799469179733 127.34953149645222 36.368048961536914 127.3492481466046 60000 30000
36.368048961536914 127.3492481466046 36.36789647606429 127.34921705904532 120000 30000
36.36789647606429 127.34921705904532 36.36801351776096 127.34906320475486 120000 30000
36.36801351776096 127.34906320475486 36.367977203658505 127.34918869271897 30000 30000
36.367977203658505 127.34918869271897 36.36799865692294 127.34908383623933 30000 30000
36.36799865692294 127.34908383623933 36.36804216368912 127.34911726568112 180000 30000
36.36804216368912 127.34911726568112 36.36801882871674 127.34899918263781 30000 90000
36.36801882871674 127.34899918263781 36.368055669324555 127.34921531089215 30000 30000
36.368055669324555 127.34921531089215 36.36808252750541 127.34917441057594 60000 60000
36.36808252750541 127.34917441057594 36.368052064278984 127.3493207280062 30000 30000
36.368052064278984 127.3493207280062 36.368113893297135 127.34962906335699 90000 30000
36.368113893297135 127.34962906335699 36.368062371763614 127.3495120523539 90000 30000
36.368062371763614 127.3495120523539 36.3679569916263 127.34982851818995 120000 30000
36.3679569916263 127.34982851818995 36.367960827613814 127.34987547111712 60000 30000
36.367960827613814 127.34987547111712 36.36802705698924 127.34978461641583 30000 30000
36.36802705698924 127.34978461641583 36.368020843469836 127.3491219493877 180000 30000
36.368020843469836 127.3491219493877 36.36805990564906 127.35019122784212 300000 30000
36.36805990564906 127.35019122784212 36.36806803724543 127.35014697968388 90000 30000
36.36806803724543 127.35014697968388 36.36795720109407 127.34880571436037 330000 60000
36.36795720109407 127.34880571436037 36.368032577471396 127.34837278161002 90000 30000
36.368032577471396 127.34837278161002 36.36799155687923 127.34961120246922 120000 30000
36.36799155687923 127.34961120246922 36.36807223599271 127.34916319598213 60000 30000
36.36807223599271 127.34916319598213 36.36794059141195 127.34824501772991 120000 30000
36.36794059141195 127.34824501772991 36.367978538821234 127.34805235760182 60000 30000
36.367978538821234 127.34805235760182 36.36801894958241 127.34805583738235 60000 60000
36.36801894958241 127.34805583738235 36.368259874979536 127.34963076209299 570000 30000
36.368259874979536 127.34963076209299 36.36839088302916 127.34966556028915 30000 30000
36.36839088302916 127.34966556028915 36.36819027706185 127.34925183526299 120000 30000
36.36819027706185 127.34925183526299 36.36818973704197 127.34911347246933 90000 60000
36.36818973704197 127.34911347246933 36.368126666897766 127.3490622234624 30000 30000
36.368126666897766 127.3490622234624 36.3680838383975 127.34893641935516 30000 90000
36.3680838383975 127.34893641935516 36.36804250615847 127.34883024354274 30000 60000
36.36804250615847 127.34883024354274 36.3679428533188 127.348646797004 30000 60000
36.3679428533188 127.348646797004 36.36800416119689 127.3487264205724 30000 60000
36.36800416119689 127.3487264205724 36.3683106309187 127.34874847043633 420000 30000
36.3683106309187 127.34874847043633 36.368189019830524 127.34894376932102 90000 30000
36.368189019830524 127.34894376932102 36.3680924884448 127.34873430378732 30000 90000
36.3680924884448 127.34873430378732 36.367981958541804 127.34883889635563 90000 30000
36.367981958541804 127.34883889635563 36.36803220673109 127.34890138472653 30000 30000
36.36803220673109 127.34890138472653 36.36801267963109 127.34884127118187 30000 30000
36.36801267963109 127.34884127118187 36.367949354264304 127.3484929811885 300000 30000
36.367949354264304 127.3484929811885 36.368054699539016 127.34909816780555 60000 60000
36.368054699539016 127.34909816780555 36.36795627427488 127.34868809307788 30000 30000
36.36795627427488 127.34868809307788 36.36796286657786 127.34907088999775 90000 30000
36.36796286657786 127.34907088999775 36.36795974773341 127.34893771674379 30000 30000
36.36795974773341 127.34893771674379 36.36800394364262 127.34897518666959 30000 30000
36.36800394364262 127.34897518666959 36.36799902763525 127.3491390681059 120000 30000
36.36799902763525 127.3491390681059 36.36797677118543 127.34908715667467 30000 30000
36.36797677118543 127.34908715667467 36.3678913344151 127.3493812703314 90000 60000
36.3678913344151 127.3493812703314 36.36794383917719 127.34919975887894 210000 30000
36.36794383917719 127.34919975887894 36.36797496323908 127.34916919912897 30000 30000
36.36797496323908 127.34916919912897 36.36797718753253 127.34915544476304 60000 30000
36.36797718753253 127.34915544476304 36.36799602694113 127.34908241797336 30000 90000
36.36799602694113 127.34908241797336 36.36792008104547 127.34936660891015 30000 60000
36.36792008104547 127.34936660891015 36.36785527018967 127.34922995574513 150000 30000
36.36785527018967 127.34922995574513 36.367927430935 127.34907168161214 30000 30000
36.367927430935 127.34907168161214 36.36792625432452 127.34902814259587 30000 90000
36.36792625432452 127.34902814259587 36.36803190049048 127.34923975216162 120000 30000
36.36803190049048 127.34923975216162 36.36789498038043 127.34912426816238 90000 30000
36.36789498038043 127.34912426816238 36.3679185821256 127.34946735887705 60000 120000
36.3679185821256 127.34946735887705 36.36784658254413 127.34936926415449 30000 30000
36.36784658254413 127.34936926415449 36.367929964183936 127.34930404914995 60000 30000
36.367929964183936 127.34930404914995 36.36794847318041 127.34919945649789 30000 60000
36.36794847318041 127.34919945649789 36.36779427925913 127.34930784775165 90000 60000
36.36779427925913 127.34930784775165 36.367882574299074 127.34915602190887 60000 30000
36.367882574299074 127.34915602190887 36.36784020377817 127.34928784289151 30000 30000
36.36784020377817 127.34928784289151 36.367873018892986 127.34944328596428 300000 90000
36.367873018892986 127.34944328596428 36.36801398251271 127.34914333957873 30000 60000
36.36801398251271 127.34914333957873 36.36791796692335 127.34941806413474 120000 60000
36.36791796692335 127.34941806413474 36.367950286442294 127.34927807959102 90000 60000
36.367950286442294 127.34927807959102 36.36803759822823 127.34913019545478 60000 30000
36.36803759822823 127.34913019545478 36.36809743669238 127.34896176214326 30000 30000
36.36809743669238 127.34896176214326 36.36800586973732 127.34913106953012 30000 30000
36.36800586973732 127.34913106953012 36.367935103208154 127.34932811649999 30000 30000
36.367935103208154 127.34932811649999 36.36789651641163 127.34943285747673 30000 30000
36.36789651641163 127.34943285747673 36.36787849633902 127.34945846963947 30000 30000
36.36787849633902 127.34945846963947 36.367925319503215 127.34924428740484 30000 30000
36.367925319503215 127.34924428740484 36.3679392589319 127.34927976184791 60000 30000
36.3679392589319 127.34927976184791 36.368010600399316 127.34923556311429 90000 60000
36.368010600399316 127.34923556311429 36.36774626338645 127.3496053477856 180000 30000
36.36774626338645 127.3496053477856 36.36788078513849 127.34969861039114 30000 30000
36.36788078513849 127.34969861039114 36.36793408772765 127.34948794093378 30000 30000
36.36793408772765 127.34948794093378 36.36796543745194 127.34954884607373 30000 30000
36.36796543745194 127.34954884607373 36.367945136759104 127.34953491027028 120000 30000
36.367945136759104 127.34953491027028 36.36796311373409 127.34965390046243 60000 30000
36.36796311373409 127.34965390046243 36.367708837132554 127.3488954311006 180000 60000
36.367708837132554 127.3488954311006 36.367690994392355 127.34897254794643 30000 30000
36.367690994392355 127.34897254794643 36.36775454002398 127.34876939887405 90000 30000
36.36775454002398 127.34876939887405 36.367706226010554 127.34895782054838 30000 30000
36.367706226010554 127.34895782054838 36.36800451580109 127.34938993693189 60000 30000
36.36800451580109 127.34938993693189 36.36800622432179 127.34951573002229 30000 90000
36.36800622432179 127.34951573002229 36.36801102753637 127.3496286345804 30000 30000
36.36801102753637 127.3496286345804 36.368052499393045 127.34981019551378 120000 30000
36.368052499393045 127.34981019551378 36.368012655457655 127.34966407604723 30000 30000
36.368012655457655 127.34966407604723 36.36799716597465 127.34939481036619 90000 30000
36.36799716597465 127.34939481036619 36.368083861244 127.34942147795353 150000 30000
36.368083861244 127.34942147795353 36.36812986635316 127.34959655758003 30000 90000
36.36812986635316 127.34959655758003 36.36805763301231 127.34943361615376 30000 30000
36.36805763301231 127.34943361615376 36.36811220091393 127.34934688443646 30000 30000
36.36811220091393 127.34934688443646 36.36809326212444 127.34943815138163 150000 30000
36.36809326212444 127.34943815138163 36.36797362279924 127.3492179825668 60000 30000
36.36797362279924 127.3492179825668 36.368022439150195 127.34915841330746 30000 60000
36.368022439150195 127.34915841330746 36.368016158449265 127.34920603133236 90000 30000
36.368016158449265 127.34920603133236 36.36812758567976 127.3493974160911 30000 60000
36.36812758567976 127.3493974160911 36.368025501590495 127.3493123335968 30000 30000
36.368025501590495 127.3493123335968 36.368043852047265 127.34949104141123 30000 30000
36.368043852047265 127.34949104141123 36.36808330114068 127.34938846915563 60000 30000
36.36808330114068 127.34938846915563 36.36822046622919 127.34979840372509 90000 90000
36.36822046622919 127.34979840372509 36.3681335654707 127.34927755186543 90000 30000
36.3681335654707 127.34927755186543 36.36811148367431 127.34936502564338 60000 30000
36.36811148367431 127.34936502564338 36.36815163388799 127.34944524305898 30000 30000
36.36815163388799 127.34944524305898 36.36818977740114 127.34984364145959 30000 30000
36.36818977740114 127.34984364145959 36.36822803639976 127.35008052770058 120000 30000
36.36822803639976 127.35008052770058 36.368131276662865 127.34926683208097 90000 60000
36.368131276662865 127.34926683208097 36.368132880421854 127.34931742966359 30000 30000
36.368132880421854 127.34931742966359 36.36816073251386 127.34927905266622 60000 30000
36.36816073251386 127.34927905266622 36.368169807010325 127.34941145631008 30000 30000
36.368169807010325 127.34941145631008 36.368111963164225 127.34916873734174 60000 60000
36.368111963164225 127.34916873734174 36.368078328695375 127.34895287293344 30000 90000
36.368078328695375 127.34895287293344 36.368160676130216 127.3493583794251 90000 30000
36.368160676130216 127.3493583794251 36.3681884798404 127.34949250924043 30000 30000
36.3681884798404 127.34949250924043 36.36817568210612 127.34928635861795 120000 30000
36.36817568210612 127.34928635861795 36.36814429746172 127.34913585222182 30000 30000
36.36814429746172 127.34913585222182 36.368135201445384 127.3491990991789 90000 60000
36.368135201445384 127.3491990991789 36.36814603279822 127.34923800397567 30000 90000
36.36814603279822 127.34923800397567 36.36821494574609 127.34939525559382 30000 30000
36.36821494574609 127.34939525559382 36.36824106520288 127.34937930781902 30000 30000
36.36824106520288 127.34937930781902 36.36831037846031 127.34946906851224 30000 90000
36.36831037846031 127.34946906851224 36.36833790282958 127.34956847156201 30000 60000
36.36833790282958 127.34956847156201 36.36816361769616 127.34919994029815 30000 30000
36.36816361769616 127.34919994029815 36.36819361882761 127.34929238370064 30000 30000
36.36819361882761 127.34929238370064 36.36817862358174 127.34933251984869 30000 60000
36.36817862358174 127.34933251984869 36.368179083043984 127.34942878393551 180000 30000
36.368179083043984 127.34942878393551 36.36816871635808 127.34943823943075 60000 30000
36.36816871635808 127.34943823943075 36.36816912198243 127.34932173413088 30000 60000
36.36816912198243 127.34932173413088 36.36818678746639 127.34935798355092 30000 30000
36.36818678746639 127.34935798355092 36.36820167792115 127.34981927169024 30000 30000
36.36820167792115 127.34981927169024 36.36819615608673 127.3495102629235 90000 60000
36.36819615608673 127.3495102629235 36.36815820734959 127.3491524321845 60000 90000
36.36815820734959 127.3491524321845 36.36816852560373 127.34936432481386 30000 60000
36.36816852560373 127.34936432481386 36.368208006971834 127.3495276207591 30000 90000
36.368208006971834 127.3495276207591 36.36821160663556 127.34963548432022 30000 90000
36.36821160663556 127.34963548432022 36.368234585691496 127.34971574557093 60000 60000
36.368234585691496 127.34971574557093 36.368221014241485 127.34950001310335 60000 30000
36.368221014241485 127.34950001310335 36.368204984801146 127.34970352496512 30000 30000
36.368204984801146 127.34970352496512 36.3681658903328 127.34956634961777 30000 30000
36.3681658903328 127.34956634961777 36.368124563469856 127.34965539574075 180000 60000
36.368124563469856 127.34965539574075 36.36815146464821 127.34962876654102 60000 60000
36.36815146464821 127.34962876654102 36.36815920938706 127.34952816497265 30000 60000
36.36815920938706 127.34952816497265 36.36810066028191 127.34963617145567 90000 30000
36.36810066028191 127.34963617145567 36.36804198233538 127.34971330477717 30000 30000
36.36804198233538 127.34971330477717 36.36811245071361 127.3493848821075 120000 30000
36.36811245071361 127.3493848821075 36.368127335802505 127.34959231910446 90000 30000
36.368127335802505 127.34959231910446 36.36810887252405 127.34928835414775 120000 30000
36.36810887252405 127.34928835414775 36.36812632035498 127.3494837024876 180000 30000
36.36812632035498 127.3494837024876 36.36815809721294 127.34958748696934 60000 120000
36.36815809721294 127.34958748696934 36.36818800436159 127.34982206980601 30000 30000
36.36818800436159 127.34982206980601 36.36817304681958 127.3500447620001 60000 30000
36.36817304681958 127.3500447620001 36.368042425556624 127.34938992874427 90000 30000
36.368042425556624 127.34938992874427 36.367999341866046 127.34992738257965 150000 30000
36.367999341866046 127.34992738257965 36.367989606574014 127.34995916825217 30000 60000
36.367989606574014 127.34995916825217 36.36803965327318 127.34965631375132 60000 30000
36.36803965327318 127.34965631375132 36.36805298298947 127.34940370783488 60000 60000
36.36805298298947 127.34940370783488 36.36800793680654 127.3496186569042 30000 30000
36.36800793680654 127.3496186569042 36.36798293362614 127.34977176907773 30000 30000
36.36798293362614 127.34977176907773 36.3679971901395 127.34968375925617 30000 30000
36.3679971901395 127.34968375925617 36.3679791539935 127.34977670842588 30000 30000
36.3679791539935 127.34977670842588 36.36796736758822 127.34989219401896 30000 30000
36.36796736758822 127.34989219401896 36.36798041927957 127.34967805304491 60000 30000
36.36798041927957 127.34967805304491 36.36802429877687 127.34962112247614 30000 30000
36.36802429877687 127.34962112247614 36.36798600822204 127.34967106043612 30000 90000
36.36798600822204 127.34967106043612 36.36793000982479 127.34998651199167 30000 30000
36.36793000982479 127.34998651199167 36.367947135349404 127.34987641117414 60000 30000
36.367947135349404 127.34987641117414 36.36788531163653 127.35013943728946 60000 30000
36.36788531163653 127.35013943728946 36.367977971969225 127.34961417104734 180000 60000
36.367977971969225 127.34961417104734 36.367943444264895 127.3497524733941 30000 60000
36.367943444264895 127.3497524733941 36.36805468608015 127.34925574939507 30000 90000
36.36805468608015 127.34925574939507 36.368033592885595 127.34932304516731 30000 60000
36.368033592885595 127.34932304516731 36.36789977224556 127.34981858175654 120000 30000
36.36789977224556 127.34981858175654 36.37197404301272 127.35577624600906 930000 30000
36.37197404301272 127.35577624600906 36.37238801917488 127.35607384673145 270000 60000
36.37238801917488 127.35607384673145 36.37294274313394 127.35599966134113 330000 90000
36.37294274313394 127.35599966134113 36.372929872807624 127.35597833713668 30000 60000
36.372929872807624 127.35597833713668 36.37000270206204 127.34931451051344 780000 4110000
36.37000270206204 127.34931451051344 36.36817711656229 127.34946838140235 360000 30000
36.36817711656229 127.34946838140235 36.368175528957316 127.34933407010982 120000 30000
36.368175528957316 127.34933407010982 36.36815318118369 127.34917231607135 30000 30000
36.36815318118369 127.34917231607135 36.368145114117844 127.3490742378753 30000 30000
36.368145114117844 127.3490742378753 36.36816229599869 127.34916603264833 30000 30000
36.36816229599869 127.34916603264833 36.36813431698522 127.34905905696766 30000 30000
36.36813431698522 127.34905905696766 36.3681229171409 127.34900631423878 30000 210000
36.3681229171409 127.34900631423878 36.36813951705291 127.34920559704324 30000 180000
36.36813951705291 127.34920559704324 36.36813604764936 127.34920887074927 60000 90000
36.36813604764936 127.34920887074927 36.36812501883831 127.3492398263386 60000 90000
36.36812501883831 127.3492398263386 36.36808659462403 127.34917036455101 30000 90000
36.36808659462403 127.34917036455101 36.36807615540312 127.3488771139345 30000 60000
36.36807615540312 127.3488771139345 36.36810304582265 127.34907269587003 30000 60000
36.36810304582265 127.34907269587003 36.368112184785936 127.34900919326427 30000 90000
36.368112184785936 127.34900919326427 36.368096123106554 127.34908241796043 30000 30000
36.368096123106554 127.34908241796043 36.3680831641434 127.3490236238178 30000 30000
36.3680831641434 127.3490236238178 36.36810111970736 127.34909620531786 30000 30000
36.36810111970736 127.34909620531786 36.368092891433975 127.34916847342205 30000 30000
36.368092891433975 127.34916847342205 36.36809643509859 127.34901112520583 30000 30000
36.36809643509859 127.34901112520583 36.36809949176107 127.34902420105615 30000 180000
36.36809949176107 127.34902420105615 36.36807800629546 127.34924417198171 30000 30000
36.36807800629546 127.34924417198171 36.368084542222306 127.3493374839835 30000 30000
36.368084542222306 127.3493374839835 36.36804231278414 127.34948391686773 60000 30000
36.36804231278414 127.34948391686773 36.36807040667445 127.34924577171935 30000 30000
36.36807040667445 127.34924577171935 36.368090599392005 127.34900206209132 60000 30000
36.368090599392005 127.34900206209132 36.368081952579836 127.34916004053889 30000 120000
36.368081952579836 127.34916004053889 36.36809043340552 127.34898020022287 60000 60000
36.36809043340552 127.34898020022287 36.368077084893535 127.3491609751129 30000 30000
36.368077084893535 127.3491609751129 36.36807752682796 127.34931470021056 30000 60000
36.36807752682796 127.34931470021056 36.36807869939666 127.349162668281 30000 90000
36.36807869939666 127.349162668281 36.36803310934002 127.34919082019468 60000 30000
36.36803310934002 127.34919082019468 36.368047889653596 127.34916604912338 60000 30000
36.368047889653596 127.34916604912338 36.36805793925414 127.34928261490498 30000 30000
36.36805793925414 127.34928261490498 36.36800736064864 127.3495522846319 90000 30000
36.36800736064864 127.3495522846319 36.3680267064254 127.34953949504296 60000 90000
36.3680267064254 127.34953949504296 36.368009609121955 127.3494331213741 30000 90000
36.368009609121955 127.3494331213741 36.36796614395478 127.35002867671237 90000 30000
36.36796614395478 127.35002867671237 36.36801251036364 127.34980186707304 30000 60000
36.36801251036364 127.34980186707304 36.36798211969153 127.35007583303772 30000 30000
36.36798211969153 127.35007583303772 36.3680463181593 127.34930141587935 120000 30000
36.3680463181593 127.34930141587935 36.368015331023784 127.34979950874518 30000 30000
36.368015331023784 127.34979950874518 36.36801237068938 127.34963703452549 60000 30000
36.36801237068938 127.34963703452549 36.36804160354657 127.34923950474658 180000 60000
36.36804160354657 127.34923950474658 36.368054632352845 127.34950436148468 90000 30000
36.368054632352845 127.34950436148468 36.368068037265274 127.34925843756982 30000 60000
36.368068037265274 127.34925843756982 36.36803256939166 127.3493217341072 90000 30000
36.36803256939166 127.3493217341072 36.367958917699795 127.3498292438628 60000 30000
36.367958917699795 127.3498292438628 36.36809168791452 127.34929759521378 90000 30000
36.36809168791452 127.34929759521378 36.36808044820681 127.34916822609739 120000 60000
36.36808044820681 127.34916822609739 36.368080552980516 127.34897023904169 30000 30000
36.368080552980516 127.34897023904169 36.36802696028739 127.34906307274665 30000 30000
36.36802696028739 127.34906307274665 36.367877190820266 127.34888736649717 30000 30000
36.367877190820266 127.34888736649717 36.36753714700484 127.34912605584901 150000 30000
36.36753714700484 127.34912605584901 36.367459385233076 127.3495295174616 60000 30000
36.367459385233076 127.3495295174616 36.367597074194336 127.34955112192668 30000 30000
36.367597074194336 127.34955112192668 36.367629390959934 127.34968099682962 60000 30000
36.367629390959934 127.34968099682962 36.3676067208771 127.34955230939856 120000 30000
36.3676067208771 127.34955230939856 36.367870856392344 127.3492653972487 120000 30000
36.367870856392344 127.3492653972487 36.36782753090685 127.34905184169475 90000 30000
36.36782753090685 127.34905184169475 36.367809422234004 127.34918872567899 30000 30000
36.367809422234004 127.34918872567899 36.36791306164751 127.3489403225008 30000 30000
36.36791306164751 127.3489403225008 36.36805405215358 127.34876428634819 30000 30000
36.36805405215358 127.34876428634819 36.367999221025954 127.34894352198548 30000 60000
36.367999221025954 127.34894352198548 36.36800901276975 127.34895630324432 60000 30000
36.36800901276975 127.34895630324432 36.368060131323375 127.34879708899678 30000 30000
36.368060131323375 127.34879708899678 36.36785157913312 127.34911482481724 60000 30000
36.36785157913312 127.34911482481724 36.36789886966655 127.34917737917525 30000 30000
36.36789886966655 127.34917737917525 36.3680125990121 127.34903490437252 120000 30000
36.3680125990121 127.34903490437252 36.36802024712221 127.3489708547341 30000 30000
36.36802024712221 127.3489708547341 36.36804574592753 127.34888837254768 30000 60000
36.36804574592753 127.34888837254768 36.36802853980761 127.34903792242608 90000 90000
36.36802853980761 127.34903792242608 36.367873781809294 127.34925586487508 30000 30000
36.367873781809294 127.34925586487508 36.367870114988555 127.34931719877989 60000 30000
36.367870114988555 127.34931719877989 36.36809685644025 127.34914914477986 60000 30000
36.36809685644025 127.34914914477986 36.36804283665131 127.34897579685146 30000 30000
36.36804283665131 127.34897579685146 36.36739549300487 127.35027835531963 270000 30000
36.36739549300487 127.35027835531963 36.36794557189485 127.34925795933431 60000 30000
36.36794557189485 127.34925795933431 36.36776648357244 127.34950386677652 90000 30000
36.36776648357244 127.34950386677652 36.368069933809075 127.34894282928441 120000 60000
36.368069933809075 127.34894282928441 36.36807286786653 127.34899727939485 30000 60000
36.36807286786653 127.34899727939485 36.36810178861177 127.3490279348437 30000 270000
36.36810178861177 127.3490279348437 36.36812473273989 127.34891662338869 30000 120000
36.36812473273989 127.34891662338869 36.368065248836906 127.34886614122956 30000 30000
36.368065248836906 127.34886614122956 36.36808897470618 127.34892214821204 30000 30000
36.36808897470618 127.34892214821204 36.368072523475966 127.34883642257732 30000 30000
36.368072523475966 127.34883642257732 36.36807405738167 127.34891131297798 30000 60000
36.36807405738167 127.34891131297798 36.36809858915784 127.34902415156978 30000 30000
36.36809858915784 127.34902415156978 36.36809368119849 127.34899916608266 30000 30000
36.36809368119849 127.34899916608266 36.368123983218744 127.34914812224801 30000 90000
36.368123983218744 127.34914812224801 36.368133417707526 127.34920736174114 60000 30000
36.368133417707526 127.34920736174114 36.36809779533821 127.34910986070463 30000 60000
36.36809779533821 127.34910986070463 36.36815370501755 127.34939398574127 60000 90000
36.36815370501755 127.34939398574127 36.368017657437846 127.34920451410756 180000 30000
36.368017657437846 127.34920451410756 36.367955903626935 127.34932321835419 30000 60000
36.367955903626935 127.34932321835419 36.368095615355664 127.34958755290472 30000 30000
36.368095615355664 127.34958755290472 36.36808255968494 127.34941841045506 30000 30000
36.36808255968494 127.34941841045506 36.3680229388065 127.3492500101534 30000 30000
36.3680229388065 127.3492500101534 36.36805967195784 127.34932560972572 60000 30000
36.36805967195784 127.34932560972572 36.36802149623711 127.34918809895376 30000 30000
36.36802149623711 127.34918809895376 36.36806111856516 127.34918695278134 30000 30000
36.36806111856516 127.34918695278134 36.36806373375238 127.34920734521623 60000 90000
36.36806373375238 127.34920734521623 36.368052070673215 127.34913380719297 30000 30000
36.368052070673215 127.34913380719297 36.36806737645669 127.34918727441573 30000 120000
36.36806737645669 127.34918727441573 36.368068851287035 127.3491119551982 30000 60000
36.368068851287035 127.3491119551982 36.36805473581826 127.34898144540398 30000 30000
36.36805473581826 127.34898144540398 36.36806238789312 127.34905382076867 30000 90000
36.36806238789312 127.34905382076867 36.36713584642581 127.34875859659664 90000 30000
36.36713584642581 127.34875859659664 36.3677104489343 127.3488828146715 90000 30000
36.3677104489343 127.3488828146715 36.3675632180894 127.34897647304223 30000 30000
36.3675632180894 127.34897647304223 36.36742197504134 127.34904338123022 30000 30000
36.36742197504134 127.34904338123022 36.36745260750918 127.34930905170013 90000 30000
36.36745260750918 127.34930905170013 36.3678810672019 127.34920670201696 120000 30000
36.3678810672019 127.34920670201696 36.36789896641752 127.34920688344027 30000 30000
36.36789896641752 127.34920688344027 36.367790281306 127.34937677212056 90000 30000
36.367790281306 127.34937677212056 36.367897593750754 127.34929913840278 30000 30000
36.367897593750754 127.34929913840278 36.36790873393164 127.34937071546418 30000 60000
36.36790873393164 127.34937071546418 36.367804965522936 127.34951696702586 60000 30000
36.367804965522936 127.34951696702586 36.36788646276253 127.34939271579097 30000 30000
36.36788646276253 127.34939271579097 36.36780782653625 127.34965461782537 90000 30000
36.36780782653625 127.34965461782537 36.36781297224825 127.34991694037733 90000 30000
36.36781297224825 127.34991694037733 36.36788826796426 127.34938527794779 60000 30000
36.36788826796426 127.34938527794779 36.36780906355962 127.34940751745239 90000 30000
36.36780906355962 127.34940751745239 36.36781856927033 127.34940726185954 30000 30000
36.36781856927033 127.34940726185954 36.3678326363147 127.34954489623333 60000 30000
36.3678326363147 127.34954489623333 36.36797441522984 127.34934145856204 30000 30000
36.36797441522984 127.34934145856204 36.36787204588129 127.34942973056684 30000 30000
36.36787204588129 127.34942973056684 36.36758925689383 127.34942609577227 60000 120000
36.36758925689383 127.34942609577227 36.36763657159187 127.34944045208695 30000 30000
36.36763657159187 127.34944045208695 36.367757654868626 127.349351197083 30000 30000
36.367757654868626 127.349351197083 36.367959583891256 127.3493292214584 30000 30000
36.367959583891256 127.3493292214584 36.36786174160774 127.34946935436989 30000 60000
36.36786174160774 127.34946935436989 36.36795272833036 127.34926695575994 60000 90000
36.36795272833036 127.34926695575994 36.36793713806894 127.34935532842184 120000 30000
36.36793713806894 127.34935532842184 36.368085299771806 127.34928204595661 30000 30000
36.368085299771806 127.34928204595661 36.36802436122852 127.34918570765007 30000 30000
36.36802436122852 127.34918570765007 36.367864524676975 127.34935154069173 60000 30000
36.367864524676975 127.34935154069173 36.36799829420418 127.34921676219764 30000 60000
36.36799829420418 127.34921676219764 36.36789825986128 127.34934515278229 30000 30000
36.36789825986128 127.34934515278229 36.367932312049724 127.34929358764838 90000 60000
36.367932312049724 127.34929358764838 36.367942885546476 127.34936005608563 30000 60000
36.367942885546476 127.34936005608563 36.36800501815167 127.3493188314795 30000 60000
36.36800501815167 127.3493188314795 36.3680072263104 127.34934218969619 60000 60000
36.3680072263104 127.34934218969619 36.368016244431885 127.34926844275952 30000 60000
36.368016244431885 127.34926844275952 36.36799257233509 127.34938928553058 30000 60000
36.36799257233509 127.34938928553058 36.367964099650244 127.34940003281844 60000 30000
36.367964099650244 127.34940003281844 36.367986821343585 127.34925660365653 30000 60000
36.367986821343585 127.34925660365653 36.36801375955706 127.34907756920487 30000 120000
36.36801375955706 127.34907756920487 36.36797040987284 127.34947573683178 60000 30000
36.36797040987284 127.34947573683178 36.36796192369017 127.34960958626539 30000 30000
36.36796192369017 127.34960958626539 36.36803771909884 127.34997374721831 120000 30000
36.36803771909884 127.34997374721831 36.3680430502016 127.34966292979952 60000 30000
36.3680430502016 127.34966292979952 36.368046445056784 127.34925380742878 150000 30000
36.368046445056784 127.34925380742878 36.36796654798134 127.34919851537595 30000 90000
36.36796654798134 127.34919851537595 36.36796600562461 127.34912149588732 30000 120000
36.36796600562461 127.34912149588732 36.36794302121228 127.34988002287749 90000 30000
36.36794302121228 127.34988002287749 36.36792284935457 127.34910347005254 30000 30000
36.36792284935457 127.34910347005254 36.36794374650241 127.34928728216346 30000 30000
36.36794374650241 127.34928728216346 36.3679537706507 127.34917405328356 30000 30000
36.3679537706507 127.34917405328356 36.3679301226517 127.34904731464752 30000 60000
36.3679301226517 127.34904731464752 36.368025896516805 127.34917157396933 30000 30000
36.368025896516805 127.34917157396933 36.36798893495674 127.34909801395155 30000 60000
