36.37098586628054 127.3459333602996 36.37082097827376 127.34555189920049 60000 750000
36.37082097827376 127.34555189920049 36.3709657995032 127.34581016473084 30000 300000
36.3709657995032 127.34581016473084 36.424667077186875 127.42509853562683 4440000 1410000
36.424667077186875 127.42509853562683 36.424662716506404 127.42509733620297 30000 300000
36.424662716506404 127.42509733620297 36.42451312119197 127.42548196170264 30000 420000
36.42451312119197 127.42548196170264 36.3740665652041 127.35441170108083 6060000 13140000
36.3740665652041 127.35441170108083 36.3731660425483 127.35484065682692 120000 510000
36.3731660425483 127.35484065682692 36.37314536914104 127.35484187007852 30000 60000
36.37314536914104 127.35484187007852 36.37406233914501 127.35442861517231 90000 1080000
36.37406233914501 127.35442861517231 36.37425910796963 127.35472315304872 90000 120000
36.37425910796963 127.35472315304872 36.37425747485072 127.35460545619067 30000 60000
36.37425747485072 127.35460545619067 36.37394151265299 127.35493938756832 30000 30000
36.37394151265299 127.35493938756832 36.373851710053984 127.354746450918 60000 30000
36.373851710053984 127.354746450918 36.37376254088379 127.35524947102252 120000 30000
36.37376254088379 127.35524947102252 36.3737899070999 127.35776681044021 300000 30000
36.3737899070999 127.35776681044021 36.374453758207515 127.3578429281187 30000 30000
36.374453758207515 127.3578429281187 36.374087232444204 127.35842922034584 180000 1230000
36.374087232444204 127.35842922034584 36.37407973707887 127.35775453049526 150000 420000
36.37407973707887 127.35775453049526 36.374457316801745 127.35652299787037 120000 390000
36.374457316801745 127.35652299787037 36.37444915726939 127.35611167526454 270000 30000
36.37444915726939 127.35611167526454 36.374059679720425 127.35795266621636 150000 1650000
36.374059679720425 127.35795266621636 36.373751697096395 127.35771700310306 60000 30000
36.373751697096395 127.35771700310306 36.36756480439492 127.34904789623356 480000 30000
36.36756480439492 127.34904789623356 36.36743984302331 127.3431573195527 300000 120000
36.36743984302331 127.3431573195527 36.366914492363634 127.34399055577549 210000 30000
36.366914492363634 127.34399055577549 36.36814287364538 127.3510769002742 480000 90000
36.36814287364538 127.3510769002742 36.367457753218126 127.34832669663248 300000 90000
36.367457753218126 127.34832669663248 36.36748049994279 127.34797375647247 30000 30000
36.36748049994279 127.34797375647247 36.36761313838598 127.34825023477521 30000 30000
36.36761313838598 127.34825023477521 36.36723542414757 127.34737526006575 60000 30000
36.36723542414757 127.34737526006575 36.36753893233965 127.3479474170867 90000 480000
36.36753893233965 127.3479474170867 36.36753836388692 127.34794242161477 30000 330000
36.36753836388692 127.34794242161477 36.367083349720126 127.34785138558898 360000 1530000
36.367083349720126 127.34785138558898 36.367433640576024 127.34728386937115 180000 390000
36.367433640576024 127.34728386937115 36.36740487191275 127.34795474677581 120000 30000
36.36740487191275 127.34795474677581 36.36746480675082 127.34765353338494 30000 90000
36.36746480675082 127.34765353338494 36.36742349313748 127.34762958246019 60000 30000
36.36742349313748 127.34762958246019 36.367435023410636 127.34767894091148 120000 30000
36.367435023410636 127.34767894091148 36.36718289368194 127.34769614733104 180000 30000
36.36718289368194 127.34769614733104 36.36733417254866 127.34778274516592 30000 30000
36.36733417254866 127.34778274516592 36.367421227813416 127.34768852599989 30000 30000
36.367421227813416 127.34768852599989 36.36748534635326 127.34669407099489 300000 60000
36.36748534635326 127.34669407099489 36.367399740940186 127.34727811441891 90000 30000
36.367399740940186 127.34727811441891 36.36736956435936 127.34729471188042 120000 30000
36.36736956435936 127.34729471188042 36.367409548724936 127.34765914556066 180000 60000
36.367409548724936 127.34765914556066 36.36734194466389 127.34778009856217 30000 30000
36.36734194466389 127.34778009856217 36.367349802277914 127.34795747058863 30000 30000
36.367349802277914 127.34795747058863 36.36735196815735 127.34852667310463 60000 30000
36.36735196815735 127.34852667310463 36.367349941501416 127.34796890434329 90000 30000
36.367349941501416 127.34796890434329 36.3673661764948 127.34844618316004 60000 30000
36.3673661764948 127.34844618316004 36.3673664643313 127.34719129132583 90000 30000
36.3673664643313 127.34719129132583 36.36733262972579 127.3478084237376 510000 30000
36.36733262972579 127.3478084237376 36.36736030646364 127.34766181092836 210000 30000
36.36736030646364 127.34766181092836 36.36735452886701 127.34826175713215 300000 30000
36.36735452886701 127.34826175713215 36.367346267199146 127.34803962349261 60000 30000
36.367346267199146 127.34803962349261 36.36732964687311 127.34816597617679 60000 30000
36.36732964687311 127.34816597617679 36.36731259357269 127.34831697251562 30000 90000
36.36731259357269 127.34831697251562 36.36739730559809 127.34855974595328 90000 30000
36.36739730559809 127.34855974595328 36.3673974642053 127.34828570212933 210000 30000
36.3673974642053 127.34828570212933 36.367274540303995 127.34783184839905 90000 30000
