36.37073678801329 127.34942626617136 36.37073479235133 127.34946459053788 30000 60000
36.37073479235133 127.34946459053788 36.37072281894123 127.34958568928614 30000 180000
36.37072281894123 127.34958568928614 36.370695015109334 127.34944715608873 30000 30000
36.370695015109334 127.34944715608873 36.370665599646316 127.34942819023425 30000 30000
36.370665599646316 127.34942819023425 36.37074860787991 127.34952356925736 60000 30000
36.37074860787991 127.34952356925736 36.37070952150371 127.3494116981927 30000 60000
36.37070952150371 127.3494116981927 36.37071167055365 127.34944110898346 30000 150000
36.37071167055365 127.34944110898346 36.37064887703821 127.3493783017872 30000 150000
36.37064887703821 127.3493783017872 36.37070137144236 127.34943481364084 30000 210000
36.37070137144236 127.34943481364084 36.37067114022411 127.34945179444958 30000 900000
36.37067114022411 127.34945179444958 36.372416450272524 127.35405737801453 480000 450000
36.372416450272524 127.35405737801453 36.37223921087214 127.3539402497903 30000 30000
36.37223921087214 127.3539402497903 36.37211393264437 127.35278374489323 210000 30000
36.37211393264437 127.35278374489323 36.372140916886494 127.35323389541018 30000 30000
36.372140916886494 127.35323389541018 36.37214685370153 127.35324197651455 30000 150000
36.37214685370153 127.35324197651455 36.370067617765045 127.34762973232988 1230000 4680000
36.370067617765045 127.34762973232988 36.37004182876554 127.34740379133734 30000 30000
36.37004182876554 127.34740379133734 36.37008172105757 127.34746563648957 30000 30000
36.37008172105757 127.34746563648957 36.37004948478459 127.34740544052599 30000 30000
36.37004948478459 127.34740544052599 36.37099258237413 127.34585068013725 390000 30000
36.37099258237413 127.34585068013725 36.37107088942176 127.3460347863833 90000 60000
36.37107088942176 127.3460347863833 36.37103551034325 127.34603890936671 30000 30000
36.37103551034325 127.34603890936671 36.37111980796351 127.34593270060252 30000 30000
36.37111980796351 127.34593270060252 36.370990782450036 127.34588503860464 30000 30000
36.370990782450036 127.34588503860464 36.37095341528257 127.34590620336719 90000 30000
36.37095341528257 127.34590620336719 36.371398167638446 127.34640849623324 210000 60000
36.371398167638446 127.34640849623324 36.37135871869695 127.3462673242681 60000 30000
36.37135871869695 127.3462673242681 36.371370887686304 127.34614289173643 30000 30000
36.371370887686304 127.34614289173643 36.37140002130957 127.34640591242301 90000 30000
36.37140002130957 127.34640591242301 36.367437142240995 127.36646530077718 1440000 60000
36.367437142240995 127.36646530077718 36.3675218026017 127.349090762945 1230000 480000
36.3675218026017 127.349090762945 36.367544085885115 127.34828215780709 60000 30000
36.367544085885115 127.34828215780709 36.36747485862615 127.34830969952792 30000 30000
36.36747485862615 127.34830969952792 36.3673025560061 127.34830302025685 150000 30000
36.3673025560061 127.34830302025685 36.36721027977653 127.3483644531171 30000 90000
36.36721027977653 127.3483644531171 36.367298929443116 127.34832981978235 90000 30000
36.367298929443116 127.34832981978235 36.367286706548505 127.3483509845471 60000 30000
36.367286706548505 127.3483509845471 36.36712485385119 127.34842794747831 30000 60000
36.36712485385119 127.34842794747831 36.36717079048918 127.34840898161676 30000 30000
36.36717079048918 127.34840898161676 36.36672109523181 127.3488583899047 90000 30000
36.36672109523181 127.3488583899047 36.36715306059084 127.348607710813 150000 30000
36.36715306059084 127.348607710813 36.36707636519167 127.34849006755299 90000 30000
36.36707636519167 127.34849006755299 36.36707126110239 127.3486291504692 90000 60000
36.36707126110239 127.3486291504692 36.36717334247002 127.34845378503019 90000 120000
36.36717334247002 127.34845378503019 36.3672552090789 127.34844856255367 30000 60000
36.3672552090789 127.34844856255367 36.3671824760847 127.34848896808917 30000 90000
36.3671824760847 127.34848896808917 36.367393623314854 127.34839496338205 30000 60000
36.367393623314854 127.34839496338205 36.36749301835435 127.34834493755763 30000 30000
36.36749301835435 127.34834493755763 36.367415060421855 127.34835439297721 30000 60000
36.367415060421855 127.34835439297721 36.367316256449016 127.34829518653183 60000 120000
36.367316256449016 127.34829518653183 36.36722881565339 127.34836692692397 30000 30000
36.36722881565339 127.34836692692397 36.36726991681201 127.34836115463625 60000 30000
