36.371981095318226 127.35510548997934 36.372000775471356 127.35492602342856 240000 60000
36.372000775471356 127.35492602342856 36.37194093292989 127.35496596442673 120000 60000
36.37194093292989 127.35496596442673 36.37205341175957 127.35536337065825 570000 90000
36.37205341175957 127.35536337065825 36.3720005901512 127.35489944381763 450000 60000
36.3720005901512 127.35489944381763 36.37196205440065 127.35485614123364 210000 90000
36.37196205440065 127.35485614123364 36.3719804827736 127.35492202137266 30000 60000
36.3719804827736 127.35492202137266 36.37205741994348 127.35487983475205 180000 60000
36.37205741994348 127.35487983475205 36.3719770334955 127.35508605130599 90000 60000
36.3719770334955 127.35508605130599 36.36782260894471 127.35938796621834 960000 120000
36.36782260894471 127.35938796621834 36.37155083846816 127.34883896233687 1050000 6150000
36.37155083846816 127.34883896233687 36.371553060132605 127.3488862890115 30000 60000
36.371553060132605 127.3488862890115 36.37155512039587 127.34891079070611 60000 150000
36.37155512039587 127.34891079070611 36.3715707013135 127.348786220794 120000 60000
36.3715707013135 127.348786220794 36.37156164965424 127.34885736747262 30000 60000
36.37156164965424 127.34885736747262 36.37148711547346 127.34883601028119 450000 90000
36.37148711547346 127.34883601028119 36.3715504140396 127.3489813767304 420000 90000
