36.370964402486415 127.34593275556627 36.370925880213655 127.34601384148588 30000 60000
36.370925880213655 127.34601384148588 36.37079992394164 127.34592000171047 30000 60000
36.37079992394164 127.34592000171047 36.370897539179616 127.34587558316097 180000 90000
36.370897539179616 127.34587558316097 36.370871685740816 127.34580548094512 120000 60000
36.370871685740816 127.34580548094512 36.37091986280212 127.34568262619699 90000 120000
36.37091986280212 127.34568262619699 36.37074310082709 127.34569191668237 360000 60000
36.37074310082709 127.34569191668237 36.37084050127801 127.34574807213149 90000 150000
36.37084050127801 127.34574807213149 36.374313695941076 127.35986041084952 4710000 90000
36.374313695941076 127.35986041084952 36.368075499963645 127.34833394276909 1170000 23730000
36.368075499963645 127.34833394276909 36.368719740794035 127.34938316690575 360000 1170000
36.368719740794035 127.34938316690575 36.36759348783488 127.34917520218809 570000 3900000
36.36759348783488 127.34917520218809 36.36731158220186 127.34823977325692 450000 6780000
