36.372407685206156 127.35494354346667 36.373129360247496 127.35688770864634 540000 90000
36.373129360247496 127.35688770864634 36.38546739691557 127.3245573567575 2430000 60000
36.38546739691557 127.3245573567575 36.38551037853268 127.32408898256479 90000 60000
36.38551037853268 127.32408898256479 36.38514468549797 127.32541038046173 360000 4350000
36.38514468549797 127.32541038046173 36.372089634474214 127.3545646386231 810000 60000
36.372089634474214 127.3545646386231 36.37186236906835 127.35503301288456 330000 5190000
36.37186236906835 127.35503301288456 36.37104131270977 127.3460403386855 1080000 360000
36.37104131270977 127.3460403386855 36.37099183016866 127.34612483295638 1110000 60000
36.37099183016866 127.34612483295638 36.37107779337678 127.34648342505783 1380000 60000
36.37107779337678 127.34648342505783 36.371055275082874 127.346400827349 480000 60000
36.371055275082874 127.346400827349 36.36813827998277 127.36777312029854 3120000 90000
36.36813827998277 127.36777312029854 36.36792104816665 127.3658113085806 390000 1590000
36.36792104816665 127.3658113085806 36.367753701894834 127.34908221063642 960000 90000
36.367753701894834 127.34908221063642 36.367735166128085 127.34916140385177 30000 180000
36.367735166128085 127.34916140385177 36.36774795029356 127.34912887692647 30000 60000
36.36774795029356 127.34912887692647 36.36791746189098 127.34767755934762 150000 1110000
