36.369110282613626 127.3462427511183 36.3688204789073 127.34721627665091 1530000 15690000
36.3688204789073 127.34721627665091 36.368767232103615 127.34719476692963 930000 1920000
36.368767232103615 127.34719476692963 36.368803922268604 127.34710013989267 30000 90000
36.368803922268604 127.34710013989267 36.36918418146991 127.34682896645222 270000 60000
36.36918418146991 127.34682896645222 36.369087421802796 127.34691845229527 90000 150000
36.369087421802796 127.34691845229527 36.36920328411035 127.34679110072743 60000 60000
36.36920328411035 127.34679110072743 36.36926521794163 127.34674541223885 30000 60000
36.36926521794163 127.34674541223885 36.36907505375925 127.34680407444561 240000 90000
36.36907505375925 127.34680407444561 36.369102545984795 127.34701210528853 90000 60000
36.369102545984795 127.34701210528853 36.369195262652845 127.35080248358365 2310000 8130000
36.369195262652845 127.35080248358365 36.36911427901608 127.35075894401947 750000 60000
36.36911427901608 127.35075894401947 36.36919007833201 127.35073964548656 30000 120000
36.36919007833201 127.35073964548656 36.36902688453958 127.35098647167159 390000 120000
36.36902688453958 127.35098647167159 36.369104719856644 127.35099528159846 30000 60000
36.369104719856644 127.35099528159846 36.36918878199908 127.35100479631949 30000 60000
36.36918878199908 127.35100479631949 36.36916016815376 127.3510077985486 150000 60000
36.36916016815376 127.3510077985486 36.369286292353465 127.35110757551823 60000 390000
36.369286292353465 127.35110757551823 36.36931183956768 127.35065802423587 180000 540000
36.36931183956768 127.35065802423587 36.37253435477646 127.3543595930476 3600000 60000
36.37253435477646 127.3543595930476 36.37079365787953 127.34851568526237 3930000 60000
36.37079365787953 127.34851568526237 36.37029915444824 127.3482674799673 120000 540000
36.37029915444824 127.3482674799673 36.36913252566546 127.35012547401669 270000 570000
36.36913252566546 127.35012547401669 36.3693309618214 127.35093483199644 1020000 1950000
36.3693309618214 127.35093483199644 36.369283793265446 127.35102158486416 30000 60000
36.369283793265446 127.35102158486416 36.36923443082318 127.35111237274897 30000 60000
36.36923443082318 127.35111237274897 36.369149812272575 127.35060451307625 120000 60000
36.369149812272575 127.35060451307625 36.36912299391127 127.35047915081667 240000 60000
36.36912299391127 127.35047915081667 36.36911334507626 127.3503928100617 480000 90000
36.36911334507626 127.3503928100617 36.369078758244115 127.34663583911686 5490000 2400000
36.369078758244115 127.34663583911686 36.36914130990767 127.34649540929558 2100000 60000
36.36914130990767 127.34649540929558 36.36928651396366 127.34659543358283 1830000 390000
36.36928651396366 127.34659543358283 36.36929953612239 127.34648969205 150000 90000
36.36929953612239 127.34648969205 36.36905381551836 127.34677868767307 2130000 60000
36.36905381551836 127.34677868767307 36.36898619324593 127.34682896093756 120000 60000
36.36898619324593 127.34682896093756 36.36989400598952 127.34792705515731 1500000 90000
36.36989400598952 127.34792705515731 36.3691110079468 127.35006494823982 390000 570000
36.3691110079468 127.35006494823982 36.37206982265283 127.34843660584256 1590000 360000
36.37206982265283 127.34843660584256 36.37206825793792 127.3484007974595 90000 60000
36.37206825793792 127.3484007974595 36.37208647819289 127.34833025958511 360000 90000
36.37208647819289 127.34833025958511 36.37208279776784 127.34847511478347 450000 60000
36.37208279776784 127.34847511478347 36.372086237710754 127.34839632813572 5190000 60000
36.372086237710754 127.34839632813572 36.37211013680238 127.34863016199482 150000 90000
36.37211013680238 127.34863016199482 36.37209568471844 127.34830712147003 180000 60000
36.37209568471844 127.34830712147003 36.372076510376324 127.34818938998845 1170000 60000
36.372076510376324 127.34818938998845 36.372059294401545 127.34830394832005 60000 90000
36.372059294401545 127.34830394832005 36.37202534359803 127.34823673477486 510000 300000
36.37202534359803 127.34823673477486 36.37314249869217 127.34889845569121 810000 60000
36.37314249869217 127.34889845569121 36.369497842626046 127.34626699444364 1080000 270000
