36.372798025172735 127.35451681185195 36.37122796054489 127.35917284693397 420000 4530000
36.37122796054489 127.35917284693397 36.370934771987294 127.36004164845822 270000 300000
36.370934771987294 127.36004164845822 36.372264516178234 127.35506599705066 1140000 720000
36.372264516178234 127.35506599705066 36.37234349519173 127.35454649737306 780000 330000
36.37234349519173 127.35454649737306 36.368335726865126 127.36635810240473 810000 450000
36.368335726865126 127.36635810240473 36.372133959213414 127.35522926824898 1380000 3030000
36.372133959213414 127.35522926824898 36.372034678413186 127.35409277222134 270000 870000
36.372034678413186 127.35409277222134 36.37167136950731 127.35369715696457 360000 60000
36.37167136950731 127.35369715696457 36.37213879453237 127.35471141796292 300000 840000
36.37213879453237 127.35471141796292 36.37205578693072 127.35457783235603 120000 600000
36.37205578693072 127.35457783235603 36.36061445388406 127.37054021103427 1680000 20160000
36.36061445388406 127.37054021103427 36.36501922431408 127.37075356315074 570000 150000
