36.37401029325201 127.36207613198914 36.37395731997491 127.36201492267267 30000 360000
36.37395731997491 127.36201492267267 36.38186365622488 127.3677055027777 480000 30000
36.38186365622488 127.3677055027777 36.38188863930684 127.36774096078757 30000 30000
36.38188863930684 127.36774096078757 36.388536284946625 127.38894726100985 570000 30000
36.388536284946625 127.38894726100985 36.394235514164876 127.39328796817051 210000 60000
36.394235514164876 127.39328796817051 36.39865792043985 127.39021137651389 210000 30000
36.39865792043985 127.39021137651389 36.40377300244938 127.3873186712679 330000 30000
36.40377300244938 127.3873186712679 36.397703325394424 127.40607507782957 270000 30000
36.397703325394424 127.40607507782957 36.38886093052329 127.42014032125361 210000 30000
36.38886093052329 127.42014032125361 36.3891917547238 127.41903205561536 120000 30000
36.3891917547238 127.41903205561536 36.39022637619192 127.41719368698116 240000 7980000
36.39022637619192 127.41719368698116 36.39053154573995 127.41707499920285 60000 30000
36.39053154573995 127.41707499920285 36.39041399099284 127.41748361718533 30000 60000
36.39041399099284 127.41748361718533 36.3902613524934 127.4177930080204 90000 30000
36.3902613524934 127.4177930080204 36.39021799478346 127.41808211361024 30000 30000
36.39021799478346 127.41808211361024 36.39026043912867 127.41781175397561 30000 30000
36.39026043912867 127.41781175397561 36.39667015458393 127.40765254224176 240000 60000
36.39667015458393 127.40765254224176 36.396685063833665 127.40760306609644 30000 30000
36.396685063833665 127.40760306609644 36.373127933773645 127.35650804574189 3540000 55950000
36.373127933773645 127.35650804574189 36.37321088988833 127.35655588859757 30000 900000
36.37321088988833 127.35655588859757 36.3731855044804 127.3569912787782 30000 30000
36.3731855044804 127.3569912787782 36.372683103290356 127.36197615324068 330000 30000
36.372683103290356 127.36197615324068 36.37321145599891 127.35737240984504 60000 30000
36.37321145599891 127.35737240984504 36.37326733153275 127.3568001908515 30000 30000
36.37326733153275 127.3568001908515 36.372155695105036 127.35574557623605 360000 60000
36.372155695105036 127.35574557623605 36.37212735078032 127.35574579920907 30000 30000
36.37212735078032 127.35574579920907 36.37219792809483 127.35570461028259 30000 30000
36.37219792809483 127.35570461028259 36.372187572180216 127.355820054664 30000 90000
36.372187572180216 127.355820054664 36.372175262049026 127.35577235144973 30000 90000
36.372175262049026 127.35577235144973 36.37220919057823 127.35589323812835 30000 30000
36.37220919057823 127.35589323812835 36.3722405806693 127.35582158013341 30000 30000
36.3722405806693 127.35582158013341 36.372149799969414 127.35580108418851 30000 30000
36.372149799969414 127.35580108418851 36.37212851950784 127.3557655896482 30000 240000
36.37212851950784 127.3557655896482 36.37212817064983 127.35542713261253 60000 30000
36.37212817064983 127.35542713261253 36.37213581292846 127.35569417917478 150000 30000
36.37213581292846 127.35569417917478 36.3722056259967 127.3560607087638 30000 30000
36.3722056259967 127.3560607087638 36.3721109615433 127.35617108485224 30000 30000
36.3721109615433 127.35617108485224 36.372213099247375 127.35592993296817 210000 30000
36.372213099247375 127.35592993296817 36.37221213209916 127.35569912676314 90000 30000
36.37221213209916 127.35569912676314 36.372219184015435 127.35565995816123 60000 30000
36.372219184015435 127.35565995816123 36.37221197095124 127.35606162200817 90000 30000
36.37221197095124 127.35606162200817 36.37227261549343 127.35591558478762 30000 30000
36.37227261549343 127.35591558478762 36.37222256892301 127.3557807622793 30000 30000
36.37222256892301 127.3557807622793 36.37226661142439 127.3556044622749 420000 30000
36.37226661142439 127.3556044622749 36.372281359639246 127.35538017059626 60000 30000
36.372281359639246 127.35538017059626 36.37219641722234 127.35563794121288 150000 30000
36.37219641722234 127.35563794121288 36.37214596725872 127.35545059157565 30000 30000
36.37214596725872 127.35545059157565 36.3721194532736 127.35581836419652 60000 30000
36.3721194532736 127.35581836419652 36.37219561112937 127.35573458452146 30000 30000
36.37219561112937 127.35573458452146 36.372107660247124 127.35579533016065 60000 30000
36.372107660247124 127.35579533016065 36.372007418976466 127.35568645524384 30000 30000
36.372007418976466 127.35568645524384 36.37188948806981 127.35555836710645 30000 30000
36.37188948806981 127.35555836710645 36.37228845156886 127.35553678992567 300000 30000
36.37228845156886 127.35553678992567 36.37227414680268 127.35567785195644 30000 60000
36.37227414680268 127.35567785195644 36.37247509953393 127.35563889409775 60000 30000
36.37247509953393 127.35563889409775 36.37213250882915 127.35582801198865 330000 30000
36.37213250882915 127.35582801198865 36.37215346227795 127.3556206244671 240000 30000
36.37215346227795 127.3556206244671 36.37226032536391 127.35560759592761 120000 30000
36.37226032536391 127.35560759592761 36.37211574964072 127.35577004391872 390000 30000
36.37211574964072 127.35577004391872 36.37214690197697 127.3556464323807 30000 60000
36.37214690197697 127.3556464323807 36.37215471145844 127.35566342146427 60000 30000
36.37215471145844 127.35566342146427 36.372082784522775 127.35544902484482 60000 30000
36.372082784522775 127.35544902484482 36.3721541070406 127.35558164832753 30000 30000
36.3721541070406 127.35558164832753 36.37207371796032 127.3555809611154 60000 60000
36.37207371796032 127.3555809611154 36.37214262299938 127.35550757163303 60000 30000
36.37214262299938 127.35550757163303 36.37212066207961 127.35536079228291 60000 30000
36.37212066207961 127.35536079228291 36.37208244353917 127.35524137446843 30000 30000
36.37208244353917 127.35524137446843 36.372177719991186 127.35584260751283 120000 30000
36.372177719991186 127.35584260751283 36.37194819835659 127.3556409097465 60000 30000
36.37194819835659 127.3556409097465 36.3721368070623 127.35582814953155 60000 30000
36.3721368070623 127.35582814953155 36.372409740220874 127.35606640457571 90000 60000
36.372409740220874 127.35606640457571 36.372485218810496 127.35613094586061 30000 30000
36.372485218810496 127.35613094586061 36.372338747908934 127.35567813845451 150000 30000
36.372338747908934 127.35567813845451 36.37225661526467 127.35561125885572 30000 60000
36.37225661526467 127.35561125885572 36.37217653366341 127.35554563784834 30000 30000
36.37217653366341 127.35554563784834 36.37209645206216 127.35548001684096 30000 30000
36.37209645206216 127.35548001684096 36.37201795778014 127.35543679610679 30000 30000
