36.3704778237002 127.34747883013843 36.37045122874244 127.34743072835131 30000 90000
36.37045122874244 127.34743072835131 36.3704348419383 127.3474362256754 150000 60000
36.3704348419383 127.3474362256754 36.37044276673008 127.34753407849927 60000 60000
36.37044276673008 127.34753407849927 36.37045848183894 127.34751428804084 60000 210000
36.37045848183894 127.34751428804084 36.370464929052154 127.34741808442753 30000 60000
36.370464929052154 127.34741808442753 36.37047154912545 127.3475789604569 120000 60000
36.37047154912545 127.3475789604569 36.370453444995995 127.34749738367894 30000 390000
36.370453444995995 127.34749738367894 36.37049007340435 127.3474786652113 330000 90000
36.37049007340435 127.3474786652113 36.37044800514391 127.34748075417635 210000 120000
36.37044800514391 127.34748075417635 36.370443975499704 127.34756747486459 90000 60000
36.370443975499704 127.34756747486459 36.37045445233789 127.34746695585463 60000 90000
36.37045445233789 127.34746695585463 36.37045136304955 127.34754246193633 30000 270000
36.37045136304955 127.34754246193633 36.37049281348367 127.3473942259287 30000 330000
36.37049281348367 127.3473942259287 36.370479166812125 127.34748460234569 60000 120000
36.370479166812125 127.34748460234569 36.37047298816839 127.34751648695472 330000 60000
36.37047298816839 127.34751648695472 36.370463441333484 127.34759344986279 30000 60000
36.370463441333484 127.34759344986279 36.37046956305981 127.34757901927802 240000 360000
36.37046956305981 127.34757901927802 36.37047524478985 127.34753341876353 90000 90000
36.37047524478985 127.34753341876353 36.37046790480341 127.3475160641056 180000 120000
36.37046790480341 127.3475160641056 36.370457138649044 127.34755771709179 30000 360000
36.370457138649044 127.34755771709179 36.36020170670592 127.36818081463053 840000 60000
36.36020170670592 127.36818081463053 36.36024055136108 127.36820745478141 150000 420000
36.36024055136108 127.36820745478141 36.36022254206293 127.36818693314142 30000 120000
36.36022254206293 127.36818693314142 36.36017399968299 127.36815842932991 30000 150000
36.36017399968299 127.36815842932991 36.360115027555146 127.36815841567623 120000 60000
36.360115027555146 127.36815841567623 36.36011292355098 127.36806995343387 30000 90000
36.36011292355098 127.36806995343387 36.360111676325346 127.36821439238959 120000 180000
36.360111676325346 127.36821439238959 36.360121613225346 127.3681185168122 30000 60000
36.360121613225346 127.3681185168122 36.36010219350218 127.36799356389844 120000 900000
36.36010219350218 127.36799356389844 36.36007193175941 127.36809617876754 30000 60000
36.36007193175941 127.36809617876754 36.36008123995963 127.36796464784362 60000 210000
36.36008123995963 127.36796464784362 36.36009297595944 127.36803406555084 30000 60000
36.36009297595944 127.36803406555084 36.36009923850988 127.36810521500787 30000 210000
36.36009923850988 127.36810521500787 36.36009345749674 127.36803227609964 30000 60000
36.36009345749674 127.36803227609964 36.36009582684404 127.36804238043646 60000 120000
36.36009582684404 127.36804238043646 36.360074873305685 127.3680311657853 150000 60000
36.360074873305685 127.3680311657853 36.3600911324523 127.36809710641344 30000 60000
36.3600911324523 127.36809710641344 36.36010942650474 127.36814241838707 30000 90000
36.36010942650474 127.36814241838707 36.36011313368395 127.3682187765856 570000 90000
36.36011313368395 127.3682187765856 36.360121803876034 127.36832214047415 30000 90000
36.360121803876034 127.36832214047415 36.360127317624965 127.3685588013375 30000 60000
36.360127317624965 127.3685588013375 36.360135934075124 127.36846485161804 1050000 90000
36.360135934075124 127.36846485161804 36.36929890481988 127.3456501093204 2310000 60000
36.36929890481988 127.3456501093204 36.36937996541443 127.34609597189205 150000 90000
36.36937996541443 127.34609597189205 36.369354633128495 127.34610463018807 1650000 60000
36.369354633128495 127.34610463018807 36.36929830038695 127.34637380791071 810000 90000
36.36929830038695 127.34637380791071 36.36925756183238 127.3460512784371 360000 60000
36.36925756183238 127.3460512784371 36.36920965075599 127.34603008613023 540000 90000
36.36920965075599 127.34603008613023 36.36921727460568 127.34563393066522 4110000 90000
36.36921727460568 127.34563393066522 36.369134835897455 127.34585403355106 90000 120000
36.369134835897455 127.34585403355106 36.369139805592766 127.34588377419972 570000 60000
36.369139805592766 127.34588377419972 36.369133366640334 127.34599478264245 870000 60000
36.369133366640334 127.34599478264245 36.3695945513049 127.34667154442779 870000 90000
36.3695945513049 127.34667154442779 36.36914867055676 127.3457077490391 2820000 3060000
36.36914867055676 127.3457077490391 36.369222786998655 127.34577437691482 1110000 60000
36.369222786998655 127.34577437691482 36.36920604030722 127.34644448183644 330000 90000
36.36920604030722 127.34644448183644 36.36911390919493 127.34616556830831 1200000 120000
36.36911390919493 127.34616556830831 36.3690648563852 127.3458874024401 420000 60000
