36.36883748352055 127.34518890926093 36.3722139978767 127.35465635940908 810000 1620000
36.3722139978767 127.35465635940908 36.37215143950012 127.35485367846368 30000 30000
36.37215143950012 127.35485367846368 36.372122738652564 127.35475502834197 30000 30000
36.372122738652564 127.35475502834197 36.37206716593353 127.35484901931494 30000 60000
36.37206716593353 127.35484901931494 36.37218361925265 127.35486860365634 90000 30000
36.37218361925265 127.35486860365634 36.37234567879025 127.3550971998925 60000 30000
36.37234567879025 127.3550971998925 36.372082977917785 127.3547532912099 660000 30000
36.372082977917785 127.3547532912099 36.37205311892092 127.35452116569462 690000 30000
36.37205311892092 127.35452116569462 36.372033817547425 127.3541375496667 60000 30000
36.372033817547425 127.3541375496667 36.372092906631686 127.35454661288799 60000 60000
36.372092906631686 127.35454661288799 36.37205144008777 127.35402401842889 90000 30000
36.37205144008777 127.35402401842889 36.37211178083692 127.35435883450114 60000 60000
36.37211178083692 127.35435883450114 36.372364174445025 127.35486629466473 270000 30000
36.372364174445025 127.35486629466473 36.37205988049795 127.35457146641906 90000 30000
36.37205988049795 127.35457146641906 36.37223929127211 127.35476204854751 240000 30000
36.37223929127211 127.35476204854751 36.37218963943046 127.35512305944886 150000 30000
36.37218963943046 127.35512305944886 36.37218319231867 127.35494882103666 30000 30000
36.37218319231867 127.35494882103666 36.372174424023804 127.35478761122727 240000 30000
36.372174424023804 127.35478761122727 36.37220616071424 127.35494065748475 120000 30000
36.37220616071424 127.35494065748475 36.37215467100678 127.3549452751939 30000 30000
36.37215467100678 127.3549452751939 36.37218354404108 127.35470450230311 30000 30000
36.37218354404108 127.35470450230311 36.372232150737915 127.35487747645004 30000 60000
36.372232150737915 127.35487747645004 36.37243307925353 127.35485565742744 30000 30000
36.37243307925353 127.35485565742744 36.37225165395793 127.35542347867303 30000 30000
36.37225165395793 127.35542347867303 36.37224353838528 127.35484571268948 180000 30000
36.37224353838528 127.35484571268948 36.37219372552531 127.35428241025303 240000 30000
36.37219372552531 127.35428241025303 36.372181169325856 127.35524427603158 120000 30000
36.372181169325856 127.35524427603158 36.37402477452069 127.35776627311301 420000 30000
36.37402477452069 127.35776627311301 36.37432980765566 127.35773586590135 420000 30000
36.37432980765566 127.35773586590135 36.374129300444665 127.35797783308593 240000 30000
36.374129300444665 127.35797783308593 36.37386451197945 127.3576518843536 360000 4230000
36.37386451197945 127.3576518843536 36.37351092098605 127.35698722165054 90000 30000
36.37351092098605 127.35698722165054 36.37345474419798 127.35693678347741 30000 30000
36.37345474419798 127.35693678347741 36.37342850984588 127.35687636211576 30000 150000
36.37342850984588 127.35687636211576 36.37341961849434 127.35689697714693 30000 120000
36.37341961849434 127.35689697714693 36.3733847953617 127.35674668515747 30000 30000
36.3733847953617 127.35674668515747 36.37291991952148 127.35696464401903 270000 30000
36.37291991952148 127.35696464401903 36.372786903324446 127.35751077814804 30000 30000
36.372786903324446 127.35751077814804 36.37345582501952 127.35688473383536 90000 1920000
36.37345582501952 127.35688473383536 36.372270415233416 127.35603375039071 270000 30000
36.372270415233416 127.35603375039071 36.37203158519434 127.35568249176065 120000 30000
36.37203158519434 127.35568249176065 36.37247159353362 127.35601569153773 120000 60000
36.37247159353362 127.35601569153773 36.37247624755786 127.3558898985242 60000 30000
36.37247624755786 127.3558898985242 36.37243987107794 127.35592255270647 30000 30000
36.37243987107794 127.35592255270647 36.372197222960025 127.35574006825925 60000 90000
36.372197222960025 127.35574006825925 36.372339122844494 127.35581910632519 120000 30000
36.372339122844494 127.35581910632519 36.372581398286954 127.35602793692155 60000 30000
36.372581398286954 127.35602793692155 36.37234593270675 127.35592321238389 240000 30000
36.37234593270675 127.35592321238389 36.3725104380718 127.35612313728618 60000 30000
36.3725104380718 127.35612313728618 36.372479511713806 127.35600324014766 90000 30000
36.372479511713806 127.35600324014766 36.37276394372753 127.35602863783 150000 30000
36.37276394372753 127.35602863783 36.372873299976085 127.35614300894053 30000 60000
36.372873299976085 127.35614300894053 36.3725139685867 127.3559787092482 120000 120000
36.3725139685867 127.3559787092482 36.37262042276519 127.35601192939073 30000 120000
36.37262042276519 127.35601192939073 36.37251998834792 127.35603576249528 120000 30000
36.37251998834792 127.35603576249528 36.37254959161525 127.35603667488063 60000 30000
36.37254959161525 127.35603667488063 36.37243147269168 127.35599921604472 210000 60000
36.37243147269168 127.35599921604472 36.372740161517086 127.35638824683812 30000 60000
36.372740161517086 127.35638824683812 36.372520270206174 127.35577837092053 30000 30000
36.372520270206174 127.35577837092053 36.3724602437247 127.35585459170328 30000 30000
36.3724602437247 127.35585459170328 36.372644997110896 127.35606647344517 120000 60000
36.372644997110896 127.35606647344517 36.37242038373085 127.35603544910553 240000 30000
36.37242038373085 127.35603544910553 36.37249577051276 127.35607584644433 30000 60000
36.37249577051276 127.35607584644433 36.37237935781297 127.35602806067672 30000 30000
36.37237935781297 127.35602806067672 36.37248396409706 127.35593339627947 30000 30000
36.37248396409706 127.35593339627947 36.372413665027835 127.35578775973563 30000 30000
36.372413665027835 127.35578775973563 36.3724886387546 127.35586437708757 30000 30000
36.3724886387546 127.35586437708757 36.372429855807425 127.35595745809158 90000 630000
36.372429855807425 127.35595745809158 36.372372301945916 127.35602495188274 30000 30000
36.372372301945916 127.35602495188274 36.3724344092374 127.35598020070228 150000 30000
36.3724344092374 127.35598020070228 36.37245422615733 127.35571461286173 30000 30000
36.37245422615733 127.35571461286173 36.37247945912816 127.35590557414972 90000 30000
36.37247945912816 127.35590557414972 36.37256161326591 127.35597532725711 90000 30000
36.37256161326591 127.35597532725711 36.37255585087159 127.35590825417788 60000 30000
36.37255585087159 127.35590825417788 36.3726033851224 127.35603158428975 30000 30000
36.3726033851224 127.35603158428975 36.37255136525275 127.35589845106523 30000 30000
36.37255136525275 127.35589845106523 36.37248086159427 127.35606604178618 60000 60000
36.37248086159427 127.35606604178618 36.372467797719395 127.35585006187259 60000 30000
36.372467797719395 127.35585006187259 36.372521575631836 127.35593448483684 60000 30000
36.372521575631836 127.35593448483684 36.37247605031693 127.35583147546014 30000 30000
36.37247605031693 127.35583147546014 36.372582691274005 127.3558880577625 30000 30000
36.372582691274005 127.3558880577625 36.37243738862156 127.3554085456356 120000 30000
36.37243738862156 127.3554085456356 36.3724092405705 127.35560127970692 30000 30000
36.3724092405705 127.35560127970692 36.37237986869113 127.35580239352046 30000 30000
36.37237986869113 127.35580239352046 36.372025629713306 127.35556093517374 120000 30000
36.372025629713306 127.35556093517374 36.37087863788684 127.36153655424152 270000 30000
36.37087863788684 127.36153655424152 36.370973960317805 127.36143861442302 30000 60000
36.370973960317805 127.36143861442302 36.371125828056634 127.36100328244787 180000 60000
36.371125828056634 127.36100328244787 36.37102583126301 127.36099968744647 30000 30000
36.37102583126301 127.36099968744647 36.37100939078499 127.36099231558555 150000 30000
36.37100939078499 127.36099231558555 36.37115503012053 127.36075674284893 180000 30000
36.37115503012053 127.36075674284893 36.37098249458711 127.36089016363174 330000 30000
36.37098249458711 127.36089016363174 36.37092844567513 127.36091193405768 30000 30000
36.37092844567513 127.36091193405768 36.37100351575312 127.36101253489501 120000 30000
36.37100351575312 127.36101253489501 36.371090741695944 127.36111192654863 60000 60000
36.371090741695944 127.36111192654863 36.37103115834701 127.3609972798294 30000 60000
36.37103115834701 127.3609972798294 36.37096048046118 127.36098293200466 30000 30000
36.37096048046118 127.36098293200466 36.370946296476724 127.36089126293508 30000 150000
36.370946296476724 127.36089126293508 36.370693701499974 127.36071859720967 150000 60000
36.370693701499974 127.36071859720967 36.370875666963194 127.36085304605565 30000 30000
36.370875666963194 127.36085304605565 36.37098467363566 127.36080783561583 150000 60000
36.37098467363566 127.36080783561583 36.370945667822554 127.36082965479702 30000 30000
36.370945667822554 127.36082965479702 36.37091673580608 127.36085673398 90000 30000
36.37091673580608 127.36085673398 36.3709492783355 127.36093827183012 60000 30000
36.3709492783355 127.36093827183012 36.371172780093545 127.36110132889621 60000 30000
36.371172780093545 127.36110132889621 36.37082988345345 127.36090746381383 120000 30000
36.37082988345345 127.36090746381383 36.37077587970324 127.36084667426746 30000 30000
36.37077587970324 127.36084667426746 36.371049162322066 127.36102099571102 30000 30000
36.371049162322066 127.36102099571102 36.370809904996875 127.36089060893663 60000 30000
36.370809904996875 127.36089060893663 36.370886552086745 127.36101429386547 60000 30000
36.370886552086745 127.36101429386547 36.3709331764067 127.36092404968066 60000 60000
36.3709331764067 127.36092404968066 36.371154006526695 127.36116758462784 120000 60000
36.371154006526695 127.36116758462784 36.37085830773634 127.3610835328463 30000 90000
36.37085830773634 127.3610835328463 36.37068768942538 127.36089931720429 30000 30000
36.37068768942538 127.36089931720429 36.37060580134872 127.36082636180583 30000 30000
36.37060580134872 127.36082636180583 36.370656363954296 127.36084731764942 30000 60000
36.370656363954296 127.36084731764942 36.37094628434248 127.36133544460652 360000 30000
36.37094628434248 127.36133544460652 36.370975933641205 127.36137818021535 30000 90000
36.370975933641205 127.36137818021535 36.372207861098346 127.35438454561765 570000 30000
36.372207861098346 127.35438454561765 36.37169268569437 127.35480583500757 150000 30000
36.37169268569437 127.35480583500757 36.37200182320625 127.35444163271205 360000 30000
36.37200182320625 127.35444163271205 36.372064403012274 127.35539390194418 210000 30000
36.372064403012274 127.35539390194418 36.3719984939579 127.35523450266503 30000 30000
36.3719984939579 127.35523450266503 36.371881227429384 127.35516527915875 360000 30000
36.371881227429384 127.35516527915875 36.373100421494584 127.35601672234176 510000 30000
36.373100421494584 127.35601672234176 36.37252332501242 127.35472015472902 90000 30000
36.37252332501242 127.35472015472902 36.372408195803594 127.35484526948429 240000 30000
36.372408195803594 127.35484526948429 36.372350103184914 127.35491163138525 990000 30000
36.372350103184914 127.35491163138525 36.37278430728031 127.35683541242577 330000 30000
36.37278430728031 127.35683541242577 36.372446784829094 127.35515734976394 60000 30000
36.372446784829094 127.35515734976394 36.37245985256521 127.3553268267984 30000 30000
36.37245985256521 127.3553268267984 36.37247537858832 127.35552818565122 30000 30000
36.37247537858832 127.35552818565122 36.372490904611425 127.35572954450404 30000 30000
36.372490904611425 127.35572954450404 36.37250643063454 127.35593090335686 30000 30000
36.37250643063454 127.35593090335686 36.37240412502589 127.35423888855843 660000 30000
36.37240412502589 127.35423888855843 36.372382328275634 127.3555747958018 780000 30000
36.372382328275634 127.3555747958018 36.37174648020841 127.35370919626777 150000 30000
36.37174648020841 127.35370919626777 36.37010124413463 127.34922706968722 900000 270000
36.37010124413463 127.34922706968722 36.37005399794877 127.3492344086456 30000 30000
36.37005399794877 127.3492344086456 36.37002645605967 127.34917299637605 30000 30000
36.37002645605967 127.34917299637605 36.36767905494094 127.34909018572887 330000 90000
36.36767905494094 127.34909018572887 36.367664810537974 127.34915898503414 30000 30000
36.367664810537974 127.34915898503414 36.36879142879863 127.3452802311917 240000 60000
36.36879142879863 127.3452802311917 36.36879234454407 127.34478201575988 60000 60000
36.36879234454407 127.34478201575988 36.36879300971411 127.34510794970737 60000 180000
36.36879300971411 127.34510794970737 36.366997359595366 127.34274808606754 30000 30000
36.366997359595366 127.34274808606754 36.36890271356933 127.3449095998566 210000 150000
36.36890271356933 127.3449095998566 36.368901402620416 127.34488346548464 30000 30000
36.368901402620416 127.34488346548464 36.368904524184565 127.34483850817624 30000 60000
36.368904524184565 127.34483850817624 36.36885417119684 127.34485206463667 60000 60000
