36.368082672568285 127.34926739279287 36.37250467621653 127.35351904277505 900000 330000
36.37250467621653 127.35351904277505 36.37192281216305 127.35400720754949 570000 270000
36.37192281216305 127.35400720754949 36.37205981608816 127.35458607822524 1920000 360000
36.37205981608816 127.35458607822524 36.373093531070836 127.35671408854449 1470000 690000
36.373093531070836 127.35671408854449 36.385433808113575 127.32380353710758 2580000 90000
36.385433808113575 127.32380353710758 36.385088782513925 127.32515662282093 360000 4620000
36.385088782513925 127.32515662282093 36.37211696615258 127.35411756263689 600000 60000
36.37211696615258 127.35411756263689 36.37175997698524 127.3478670027421 1020000 5940000
36.37175997698524 127.3478670027421 36.37146869623576 127.34675604874526 180000 780000
36.37146869623576 127.34675604874526 36.3715061590988 127.34660062857176 60000 60000
36.3715061590988 127.34660062857176 36.37146014187545 127.3467469130379 510000 930000
36.37146014187545 127.3467469130379 36.37139284204289 127.34649324047594 390000 60000
36.37139284204289 127.34649324047594 36.371406065583294 127.34652502169313 60000 60000
36.371406065583294 127.34652502169313 36.37137640825851 127.34667979039816 600000 240000
36.37137640825851 127.34667979039816 36.36761861938584 127.34927400083305 720000 510000
36.36761861938584 127.34927400083305 36.371503257704454 127.3465004668666 510000 3930000
36.371503257704454 127.3465004668666 36.37166734018968 127.34645879696276 300000 60000
