36.36933629884889 127.34783093533517 36.36938228719774 127.34777809011288 90000 30000
36.36938228719774 127.34777809011288 36.36930128224903 127.34768162732934 30000 180000
36.36930128224903 127.34768162732934 36.36920566148403 127.3476721994366 60000 60000
36.36920566148403 127.3476721994366 36.36950098561377 127.34767541528682 150000 30000
36.36950098561377 127.34767541528682 36.36954974287535 127.34754859149253 60000 30000
36.36954974287535 127.34754859149253 36.36967949367792 127.3474798196512 60000 30000
36.36967949367792 127.3474798196512 36.369746222579764 127.34772868465117 30000 30000
36.369746222579764 127.34772868465117 36.36954946084197 127.3478714232676 330000 30000
36.36954946084197 127.3478714232676 36.36925296819386 127.34769149510043 240000 30000
36.36925296819386 127.34769149510043 36.3693968626235 127.34787661833988 60000 30000
36.3693968626235 127.34787661833988 36.36949993798887 127.3483901806547 1140000 30000
36.36949993798887 127.3483901806547 36.3692922253215 127.34776680682192 90000 30000
36.3692922253215 127.34776680682192 36.37307235923024 127.35972669180481 690000 30000
36.37307235923024 127.35972669180481 36.37309808917337 127.35986220255327 30000 30000
36.37309808917337 127.35986220255327 36.373139889863324 127.36005272335424 30000 30000
36.373139889863324 127.36005272335424 36.373181690553274 127.3602432441552 30000 30000
36.373181690553274 127.3602432441552 36.373235693196264 127.36050907367374 60000 30000
36.373235693196264 127.36050907367374 36.37358966620192 127.35987171390178 390000 30000
36.37358966620192 127.35987171390178 36.37363340392924 127.35964714164908 90000 30000
36.37363340392924 127.35964714164908 36.37356593286452 127.35987887150483 300000 30000
36.37356593286452 127.35987887150483 36.37331059733962 127.36056007562114 90000 30000
36.37331059733962 127.36056007562114 36.373629066947146 127.35900169261019 120000 30000
36.373629066947146 127.35900169261019 36.37386777640129 127.3587750585466 390000 30000
36.37386777640129 127.3587750585466 36.37383699843073 127.35892892951331 90000 30000
36.37383699843073 127.35892892951331 36.37329020585208 127.3594921823887 60000 30000
36.37329020585208 127.3594921823887 36.37347727368055 127.35974230080762 90000 30000
36.37347727368055 127.35974230080762 36.373637456579374 127.35953547393643 30000 30000
36.373637456579374 127.35953547393643 36.373472185656276 127.35968744272958 420000 30000
36.373472185656276 127.35968744272958 36.37350416757572 127.35904094335069 60000 60000
36.37350416757572 127.35904094335069 36.373357967134595 127.35973360291175 30000 30000
36.373357967134595 127.35973360291175 36.37361067570815 127.3593158987614 150000 30000
36.37361067570815 127.3593158987614 36.373509478729375 127.35949958746771 30000 30000
36.373509478729375 127.35949958746771 36.373602512722655 127.3595949608144 60000 60000
36.373602512722655 127.3595949608144 36.37358421895152 127.35957719891817 30000 30000
36.37358421895152 127.35957719891817 36.373460561019414 127.35942717074917 60000 30000
36.373460561019414 127.35942717074917 36.374000851174465 127.35869867104458 270000 30000
36.374000851174465 127.35869867104458 36.373561419382426 127.35964311770036 150000 30000
36.373561419382426 127.35964311770036 36.373595173818714 127.3594195003999 90000 30000
36.373595173818714 127.3594195003999 36.37360412824835 127.35954791283761 30000 90000
36.37360412824835 127.35954791283761 36.37361084407058 127.3596442221659 30000 60000
36.37361084407058 127.3596442221659 36.373879176050686 127.3593296610257 60000 30000
36.373879176050686 127.3593296610257 36.37379874481086 127.35942018004398 30000 30000
36.37379874481086 127.35942018004398 36.3737076905771 127.35952265440432 30000 30000
36.3737076905771 127.35952265440432 36.37361663634333 127.35962512876466 30000 30000
36.37361663634333 127.35962512876466 36.373599256501564 127.3593413132864 60000 30000
36.373599256501564 127.3593413132864 36.3733980359971 127.35959847381085 180000 30000
36.3733980359971 127.35959847381085 36.373906427054656 127.3550212210555 840000 30000
36.373906427054656 127.3550212210555 36.373816407574246 127.35525582045881 90000 30000
36.373816407574246 127.35525582045881 36.373783768283005 127.35515266266076 30000 30000
36.373783768283005 127.35515266266076 36.37382100124831 127.35499640052896 90000 30000
36.37382100124831 127.35499640052896 36.37378630724854 127.35554591549423 210000 30000
36.37378630724854 127.35554591549423 36.37387463412247 127.35501734546506 180000 30000
36.37387463412247 127.35501734546506 36.37386852156375 127.35615400212774 570000 30000
36.37386852156375 127.35615400212774 36.37375214897219 127.35512833699633 1350000 30000
36.37375214897219 127.35512833699633 36.37388763395012 127.35482637570418 180000 30000
36.37388763395012 127.35482637570418 36.37343725253561 127.35461073395595 510000 30000
36.37343725253561 127.35461073395595 36.373770325924525 127.35359799033168 450000 30000
36.373770325924525 127.35359799033168 36.37367516491858 127.35504007141176 210000 30000
36.37367516491858 127.35504007141176 36.37405737329972 127.35471712411548 390000 30000
36.37405737329972 127.35471712411548 36.37381509396885 127.35508287655406 30000 30000
36.37381509396885 127.35508287655406 36.37409979379908 127.35473127434858 90000 30000
36.37409979379908 127.35473127434858 36.37383419046068 127.35513391941362 180000 60000
36.37383419046068 127.35513391941362 36.37342302145569 127.35663657374039 360000 30000
36.37342302145569 127.35663657374039 36.37367352084245 127.35629057282966 30000 2130000
36.37367352084245 127.35629057282966 36.373595225548854 127.3553425685913 60000 30000
36.373595225548854 127.3553425685913 36.37365537259902 127.35578220240134 90000 330000
36.37365537259902 127.35578220240134 36.37398758495576 127.35513524707817 720000 30000
36.37398758495576 127.35513524707817 36.373734036014326 127.35551728552015 300000 60000
36.373734036014326 127.35551728552015 36.37351460772924 127.35472232157908 480000 30000
36.37351460772924 127.35472232157908 36.37356311479911 127.35483320518779 30000 60000
36.37356311479911 127.35483320518779 36.37374540771769 127.35530554401154 150000 30000
36.37374540771769 127.35530554401154 36.37377966291108 127.3555236094479 150000 30000
36.37377966291108 127.3555236094479 36.37369302767146 127.35555684975424 60000 30000
36.37369302767146 127.35555684975424 36.37365649442392 127.35557648724121 30000 30000
36.37365649442392 127.35557648724121 36.37366469607434 127.35582314690424 30000 30000
36.37366469607434 127.35582314690424 36.373804118146964 127.3553569166968 120000 30000
36.373804118146964 127.3553569166968 36.37357848106183 127.35519672422386 180000 450000
36.37357848106183 127.35519672422386 36.374874360386684 127.35626888575733 90000 30000
36.374874360386684 127.35626888575733 36.3737850500798 127.35571128130447 180000 30000
36.3737850500798 127.35571128130447 36.37377591929129 127.35559626579607 210000 30000
36.37377591929129 127.35559626579607 36.373855631431255 127.35539095713833 180000 30000
36.373855631431255 127.35539095713833 36.37408296084672 127.3552068391071 180000 120000
36.37408296084672 127.3552068391071 36.37410126489563 127.35519310181515 30000 30000
36.37410126489563 127.35519310181515 36.3741675433307 127.35513386825691 30000 90000
36.3741675433307 127.35513386825691 36.37414363744902 127.35526033920878 30000 60000
36.37414363744902 127.35526033920878 36.37382302791062 127.35538107754468 30000 30000
36.37382302791062 127.35538107754468 36.37392134495395 127.35531249259817 30000 30000
36.37392134495395 127.35531249259817 36.37405673303142 127.35512813071043 30000 60000
36.37405673303142 127.35512813071043 36.37401397569844 127.35499472659333 30000 30000
36.37401397569844 127.35499472659333 36.37384587582688 127.35507969883048 30000 30000
36.37384587582688 127.35507969883048 36.37384813629177 127.35525862412459 180000 240000
36.37384813629177 127.35525862412459 36.37391570117792 127.35511226204963 30000 30000
36.37391570117792 127.35511226204963 36.37220532213746 127.35453515917004 330000 30000
36.37220532213746 127.35453515917004 36.372222588920515 127.354624999591 540000 30000
36.372222588920515 127.354624999591 36.37221952642505 127.35533720869171 30000 30000
36.37221952642505 127.35533720869171 36.372236309384476 127.35525944870116 270000 30000
36.372236309384476 127.35525944870116 36.37221694753502 127.35510574280138 210000 30000
36.37221694753502 127.35510574280138 36.37219305251588 127.35532092296552 90000 30000
36.37219305251588 127.35532092296552 36.372157471606194 127.35456620537082 180000 30000
36.372157471606194 127.35456620537082 36.37212372440435 127.35467835134462 210000 30000
36.37212372440435 127.35467835134462 36.372161830300314 127.3545842367834 300000 30000
36.372161830300314 127.3545842367834 36.372137001802486 127.35464136791187 90000 60000
36.372137001802486 127.35464136791187 36.37212662579038 127.35476893400013 420000 30000
36.37212662579038 127.35476893400013 36.37222542864948 127.35467127547273 180000 30000
36.37222542864948 127.35467127547273 36.37214784512361 127.35498111251269 510000 30000
36.37214784512361 127.35498111251269 36.37216546218789 127.35502398349709 60000 30000
36.37216546218789 127.35502398349709 36.37209472303063 127.35422748339857 210000 30000
36.37209472303063 127.35422748339857 36.37215874093189 127.35494041004907 510000 30000
36.37215874093189 127.35494041004907 36.37183163198316 127.35485476688365 300000 30000
36.37183163198316 127.35485476688365 36.37191970623842 127.35487064415422 30000 30000
36.37191970623842 127.35487064415422 36.371952948922036 127.3550156467243 30000 60000
36.371952948922036 127.3550156467243 36.37200015832835 127.35473534155841 60000 30000
36.37200015832835 127.35473534155841 36.37203350326494 127.35488903730669 120000 30000
36.37203350326494 127.35488903730669 36.37203142915433 127.35499100520973 180000 30000
36.37203142915433 127.35499100520973 36.37196694895059 127.3549384308882 30000 180000
36.37196694895059 127.3549384308882 36.372044858472776 127.35487503550867 180000 60000
36.372044858472776 127.35487503550867 36.37225669855664 127.35425656734135 120000 30000
36.37225669855664 127.35425656734135 36.373370005639636 127.35672068213935 210000 9690000
36.373370005639636 127.35672068213935 36.373794669633924 127.35517751614536 540000 270000
36.373794669633924 127.35517751614536 36.37394384587138 127.3554326316779 150000 60000
36.37394384587138 127.3554326316779 36.37385757751612 127.35524756625854 90000 30000
36.37385757751612 127.35524756625854 36.373939950433915 127.35523943831214 30000 30000
36.373939950433915 127.35523943831214 36.373939034481374 127.35518892877917 90000 60000
36.373939034481374 127.35518892877917 36.37386095840695 127.35520236963778 30000 30000
36.37386095840695 127.35520236963778 36.37392776808136 127.35519306826083 30000 30000
36.37392776808136 127.35519306826083 36.373889712820834 127.35526497361633 30000 30000
36.373889712820834 127.35526497361633 36.37382093279623 127.35520883458682 120000 30000
36.37382093279623 127.35520883458682 36.37393017374643 127.35509626816764 30000 30000
36.37393017374643 127.35509626816764 36.373776467398145 127.35537279855933 90000 30000
36.373776467398145 127.35537279855933 36.37388102537601 127.35521550560654 60000 30000
36.37388102537601 127.35521550560654 36.37388113026951 127.35530009340185 30000 30000
36.37388113026951 127.35530009340185 36.37393724814495 127.35503621230838 120000 30000
36.37393724814495 127.35503621230838 36.37390856587274 127.35532284416502 60000 60000
36.37390856587274 127.35532284416502 36.37382419754901 127.3554120660699 30000 60000
36.37382419754901 127.3554120660699 36.373948378562645 127.35522995277256 150000 30000
36.373948378562645 127.35522995277256 36.37393503312379 127.35526353041257 30000 30000
36.37393503312379 127.35526353041257 36.37390855098013 127.3551087445101 150000 30000
36.37390855098013 127.3551087445101 36.373958694229515 127.35532815457161 30000 30000
36.373958694229515 127.35532815457161 36.37390024185797 127.35521577773352 30000 30000
36.37390024185797 127.35521577773352 36.373915496287566 127.35521793005925 60000 30000
36.373915496287566 127.35521793005925 36.37385842016893 127.35531275095232 30000 90000
36.37385842016893 127.35531275095232 36.373916586077165 127.35522015640382 30000 30000
36.373916586077165 127.35522015640382 36.369282311194866 127.34828308138678 630000 30000
36.369282311194866 127.34828308138678 36.36928263356127 127.34888164378971 120000 30000
36.36928263356127 127.34888164378971 36.3692221181465 127.34910991017023 420000 30000
36.3692221181465 127.34910991017023 36.36937889089407 127.34840883324179 600000 30000
36.36937889089407 127.34840883324179 36.36921395426461 127.34927456679894 210000 30000
36.36921395426461 127.34927456679894 36.36927287668112 127.34921225435001 60000 30000
36.36927287668112 127.34921225435001 36.369299492152905 127.34889650025391 180000 60000
36.369299492152905 127.34889650025391 36.36916546937015 127.34911839437353 30000 30000
36.36916546937015 127.34911839437353 36.3693623084408 127.34871242093035 90000 30000
36.3693623084408 127.34871242093035 36.36927044422073 127.3487468212943 60000 30000
36.36927044422073 127.3487468212943 36.36922509692364 127.348630704351 90000 30000
36.36922509692364 127.348630704351 36.3692942611076 127.34853244951532 30000 90000
36.3692942611076 127.34853244951532 36.36949560208073 127.34844765554305 270000 90000
36.36949560208073 127.34844765554305 36.36936396549131 127.34814952870474 30000 30000
36.36936396549131 127.34814952870474 36.3694198631739 127.34826190554878 30000 30000
36.3694198631739 127.34826190554878 36.369449520481695 127.34838531558341 30000 30000
36.369449520481695 127.34838531558341 36.36943333789894 127.34843009145239 120000 30000
36.36943333789894 127.34843009145239 36.36936958267544 127.3482611139855 60000 30000
36.36936958267544 127.3482611139855 36.3694884214884 127.34861965107916 150000 30000
36.3694884214884 127.34861965107916 36.36935981516969 127.34828697349656 90000 30000
36.36935981516969 127.34828697349656 36.36946610602117 127.34839718982612 30000 30000
36.36946610602117 127.34839718982612 36.36937349133679 127.34805463351158 30000 30000
36.36937349133679 127.34805463351158 36.369609242852235 127.34872843260203 240000 30000
36.369609242852235 127.34872843260203 36.36951537368565 127.3485641553616 270000 30000
36.36951537368565 127.3485641553616 36.36922740884891 127.34746705484136 300000 60000
36.36922740884891 127.34746705484136 36.36943673068153 127.34837050565481 60000 30000
36.36943673068153 127.34837050565481 36.36945780402083 127.34875908425701 570000 30000
36.36945780402083 127.34875908425701 36.36921654128761 127.34876768366665 60000 30000
36.36921654128761 127.34876768366665 36.36881853672019 127.3470060855199 300000 90000
36.36881853672019 127.3470060855199 36.369318899299216 127.34821069778997 150000 30000
36.369318899299216 127.34821069778997 36.36950484182604 127.34850964911396 510000 30000
36.36950484182604 127.34850964911396 36.36948760843178 127.3481171389802 360000 30000
36.36948760843178 127.3481171389802 36.36941252937453 127.34860743872596 180000 30000
36.36941252937453 127.34860743872596 36.36928171447177 127.34870066759666 30000 30000
36.36928171447177 127.34870066759666 36.36942236486339 127.34874117727827 90000 30000
36.36942236486339 127.34874117727827 36.36928494306748 127.34867138078343 30000 60000
36.36928494306748 127.34867138078343 36.3693343468611 127.34874387337997 30000 30000
36.3693343468611 127.34874387337997 36.36918259248938 127.34861430766922 120000 60000
36.36918259248938 127.34861430766922 36.369068597201775 127.34791920905599 60000 30000
36.369068597201775 127.34791920905599 36.369185771813285 127.34811070649286 120000 30000
36.369185771813285 127.34811070649286 36.36922251301651 127.34834936288301 60000 30000
36.36922251301651 127.34834936288301 36.369494965459126 127.34864626926023 150000 30000
36.369494965459126 127.34864626926023 36.369687182003005 127.3488802914569 60000 30000
36.369687182003005 127.3488802914569 36.37102529130575 127.34633121443542 1200000 30000
36.37102529130575 127.34633121443542 36.37103552630623 127.3463144915492 60000 30000
