36.36954506867271 127.34781440208441 36.36958818451974 127.34776430751185 240000 90000
36.36958818451974 127.34776430751185 36.36949566660468 127.34771788240764 30000 30000
36.36949566660468 127.34771788240764 36.369624893548206 127.3474524428104 210000 30000
36.369624893548206 127.3474524428104 36.369644186924916 127.34784289209088 60000 30000
36.369644186924916 127.34784289209088 36.36971582382605 127.34792013259158 30000 30000
36.36971582382605 127.34792013259158 36.369643187635575 127.3478875690218 210000 30000
36.369643187635575 127.3478875690218 36.369559937566066 127.34763590040232 30000 30000
36.369559937566066 127.34763590040232 36.36961203129325 127.34770854782474 120000 30000
36.36961203129325 127.34770854782474 36.36973182377957 127.3476748931127 90000 30000
36.36973182377957 127.3476748931127 36.36950162626401 127.34764392376059 60000 60000
36.36950162626401 127.34764392376059 36.36958874464203 127.34768578887147 90000 30000
36.36958874464203 127.34768578887147 36.36950825889322 127.34776607216426 60000 30000
36.36950825889322 127.34776607216426 36.36945298988448 127.3476799506675 690000 30000
36.36945298988448 127.3476799506675 36.37021251955224 127.34764986917446 150000 30000
36.37021251955224 127.34764986917446 36.36991888380102 127.34757198543176 30000 30000
36.36991888380102 127.34757198543176 36.37007221544616 127.34751763595031 90000 30000
36.37007221544616 127.34751763595031 36.36996278549783 127.34762870161947 90000 30000
36.36996278549783 127.34762870161947 36.36983794676531 127.34769236088408 30000 30000
36.36983794676531 127.34769236088408 36.369636615461744 127.34771800606305 30000 30000
36.369636615461744 127.34771800606305 36.369451744750286 127.34780545515487 150000 30000
36.369451744750286 127.34780545515487 36.36969500730498 127.34774167215147 60000 60000
36.36969500730498 127.34774167215147 36.36940213315927 127.3479713239131 90000 30000
36.36940213315927 127.3479713239131 36.36972912532879 127.34791325544904 60000 30000
36.36972912532879 127.34791325544904 36.369187343250914 127.34803096739256 210000 30000
36.369187343250914 127.34803096739256 36.369469977012535 127.34786838326409 120000 30000
36.369469977012535 127.34786838326409 36.369386901615314 127.34784932400964 30000 60000
36.369386901615314 127.34784932400964 36.369306149868656 127.34789970715114 30000 30000
36.369306149868656 127.34789970715114 36.369417676476296 127.34785811424979 30000 30000
36.369417676476296 127.34785811424979 36.369544472227496 127.34780740668094 150000 60000
36.369544472227496 127.34780740668094 36.36953109022413 127.34790802745505 30000 60000
36.36953109022413 127.34790802745505 36.369514133914365 127.34798892917735 30000 30000
36.369514133914365 127.34798892917735 36.36952767311459 127.34787273438091 30000 30000
36.36952767311459 127.34787273438091 36.3695258129062 127.34784269968289 60000 30000
36.3695258129062 127.34784269968289 36.369541804699175 127.34776104204046 60000 60000
36.369541804699175 127.34776104204046 36.369541450093706 127.34779146989435 30000 60000
36.369541450093706 127.34779146989435 36.36953866161534 127.3477360648357 30000 30000
36.36953866161534 127.3477360648357 36.36950534820587 127.34796371836116 30000 30000
36.36950534820587 127.34796371836116 36.36951966651165 127.34787484541238 30000 60000
36.36951966651165 127.34787484541238 36.36952552541918 127.34789508944604 240000 30000
36.36952552541918 127.34789508944604 36.36950751339297 127.34797023821352 60000 30000
36.36950751339297 127.34797023821352 36.36952864155865 127.34790520453413 30000 60000
36.36952864155865 127.34790520453413 36.369508903579984 127.34801535766758 60000 60000
36.369508903579984 127.34801535766758 36.369572288074394 127.3476596242013 90000 30000
36.369572288074394 127.3476596242013 36.369550199512155 127.3477430601907 30000 30000
36.369550199512155 127.3477430601907 36.36954463877925 127.34781056770687 180000 60000
36.36954463877925 127.34781056770687 36.36949709039593 127.34784225988824 30000 60000
36.36949709039593 127.34784225988824 36.36955672735113 127.34766444814507 30000 60000
36.36955672735113 127.34766444814507 36.36951232873656 127.34798348676495 60000 60000
36.36951232873656 127.34798348676495 36.36955104576423 127.34769658015689 60000 30000
36.36955104576423 127.34769658015689 36.36949782644736 127.3479196625901 120000 60000
36.36949782644736 127.3479196625901 36.36949905143269 127.34784632794606 30000 120000
36.36949905143269 127.34784632794606 36.36955377238933 127.3477359411652 60000 60000
36.36955377238933 127.3477359411652 36.369583409547964 127.34759518154968 60000 60000
36.369583409547964 127.34759518154968 36.36954182486144 127.34781163962073 30000 30000
36.36954182486144 127.34781163962073 36.36953302034731 127.34779025499068 60000 30000
36.36953302034731 127.34779025499068 36.36956430959057 127.3476042521632 30000 60000
36.36956430959057 127.3476042521632 36.369530226522436 127.34774072387283 30000 30000
36.369530226522436 127.34774072387283 36.36955036741255 127.34762647515933 180000 150000
36.36955036741255 127.34762647515933 36.36952977653473 127.34785328208878 30000 30000
36.36952977653473 127.34785328208878 36.369532315236704 127.34775721587158 30000 30000
36.369532315236704 127.34775721587158 36.36953291289521 127.34772500143538 30000 30000
36.36953291289521 127.34772500143538 36.36952496124752 127.34788490561806 30000 60000
36.36952496124752 127.34788490561806 36.36952816877196 127.34777222367784 90000 30000
36.36952816877196 127.34777222367784 36.369530473650556 127.34782865948178 30000 120000
36.369530473650556 127.34782865948178 36.369535820834656 127.34787443311453 30000 120000
36.369535820834656 127.34787443311453 36.36951449461796 127.34780246596281 30000 30000
36.36951449461796 127.34780246596281 36.369527761775856 127.34768860901707 30000 90000
36.369527761775856 127.34768860901707 36.36952583972267 127.34775528631906 30000 30000
36.36952583972267 127.34775528631906 36.369576861569335 127.34775809544554 30000 120000
36.369576861569335 127.34775809544554 36.369596908513685 127.34759188311898 30000 60000
36.369596908513685 127.34759188311898 36.36951265111668 127.34785979643874 30000 30000
36.36951265111668 127.34785979643874 36.36956584749603 127.34775523689109 30000 30000
36.36956584749603 127.34775523689109 36.36951746636055 127.34787261902022 60000 60000
36.36951746636055 127.34787261902022 36.36949141544598 127.34780244536834 30000 30000
36.36949141544598 127.34780244536834 36.369556371411136 127.34780801141748 120000 30000
36.369556371411136 127.34780801141748 36.369586673461086 127.34760408724348 30000 30000
36.369586673461086 127.34760408724348 36.36955876898597 127.3477332199575 30000 30000
36.36955876898597 127.3477332199575 36.369551697190445 127.34780351733696 30000 60000
36.369551697190445 127.34780351733696 36.369575169186916 127.34777412025998 30000 30000
36.369575169186916 127.34777412025998 36.36962038042909 127.34774938218996 90000 30000
36.36962038042909 127.34774938218996 36.369558144422854 127.34769306185245 30000 30000
36.369558144422854 127.34769306185245 36.3695167947611 127.34777950764351 30000 30000
36.3695167947611 127.34777950764351 36.369491355033816 127.34767471443985 30000 60000
36.369491355033816 127.34767471443985 36.36949637175705 127.34775960727667 90000 30000
36.36949637175705 127.34775960727667 36.369524659030745 127.34782681233108 30000 30000
36.369524659030745 127.34782681233108 36.369629769234564 127.34785253996326 60000 30000
36.369629769234564 127.34785253996326 36.369566566162476 127.34772262381836 60000 30000
36.369566566162476 127.34772262381836 36.369561831467635 127.34759497537546 30000 30000
36.369561831467635 127.34759497537546 36.369534551498845 127.34756120794552 60000 30000
36.369534551498845 127.34756120794552 36.36954142857976 127.3476936665869 30000 30000
36.36954142857976 127.3476936665869 36.369548977245664 127.34749301329367 30000 60000
36.369548977245664 127.34749301329367 36.36954458507867 127.34759349109086 420000 60000
36.36954458507867 127.34759349109086 36.36956191204196 127.34785695156256 60000 30000
36.36956191204196 127.34785695156256 36.3695103340752 127.34805881421417 30000 30000
36.3695103340752 127.34805881421417 36.36953727143339 127.34764156540834 30000 30000
36.36953727143339 127.34764156540834 36.36950326229691 127.34760454075322 60000 30000
36.36950326229691 127.34760454075322 36.36952663352693 127.34764478137436 90000 30000
36.36952663352693 127.34764478137436 36.36955165689537 127.34773239541525 30000 30000
36.36955165689537 127.34773239541525 36.36953803711907 127.34741224353039 90000 30000
36.36953803711907 127.34741224353039 36.369547687786124 127.3477592774189 150000 30000
36.369547687786124 127.3477592774189 36.36947104617985 127.347210339627 120000 30000
36.36947104617985 127.347210339627 36.36952747974853 127.34684046412863 60000 30000
36.36952747974853 127.34684046412863 36.36954778855427 127.34716919188767 120000 30000
36.36954778855427 127.34716919188767 36.36952117348787 127.34725635239516 90000 30000
36.36952117348787 127.34725635239516 36.369567976442085 127.34738416578281 30000 30000
36.369567976442085 127.34738416578281 36.36956954800398 127.3473595101566 30000 30000
36.36956954800398 127.3473595101566 36.36955459843013 127.34774307398001 210000 30000
36.36955459843013 127.34774307398001 36.36957633775361 127.34761245691587 90000 30000
36.36957633775361 127.34761245691587 36.36950884320677 127.3476721581822 210000 30000
36.36950884320677 127.3476721581822 36.36952567317113 127.34776444492633 30000 30000
36.36952567317113 127.34776444492633 36.36959988225294 127.3476858135748 180000 60000
36.36959988225294 127.3476858135748 36.369656788693504 127.34765746042561 150000 30000
36.369656788693504 127.34765746042561 36.36966633046752 127.34758795252579 30000 30000
36.36966633046752 127.34758795252579 36.369702937431484 127.34732989044993 360000 60000
36.369702937431484 127.34732989044993 36.369656138521506 127.3473527154691 30000 30000
36.369656138521506 127.3473527154691 36.3695724693667 127.34741569858616 210000 30000
36.3695724693667 127.34741569858616 36.36953412978985 127.34747696105359 30000 30000
36.36953412978985 127.34747696105359 36.36958278494525 127.3474816007718 30000 60000
36.36958278494525 127.3474816007718 36.36959133564779 127.34751872438943 60000 30000
36.36959133564779 127.34751872438943 36.36959814876555 127.34739729342182 60000 30000
36.36959814876555 127.34739729342182 36.36963969805763 127.34740503644645 30000 120000
36.36963969805763 127.34740503644645 36.36950302457048 127.34738484199066 30000 90000
36.36950302457048 127.34738484199066 36.36948477077105 127.3473245882558 30000 30000
36.36948477077105 127.3473245882558 36.36948574591462 127.34728630198472 30000 90000
36.36948574591462 127.34728630198472 36.369515919060085 127.34757476436312 120000 30000
36.369515919060085 127.34757476436312 36.369603295273635 127.34829648936577 120000 30000
36.369603295273635 127.34829648936577 36.36960019253755 127.34857751384286 60000 30000
36.36960019253755 127.34857751384286 36.369506852564484 127.34821900972433 90000 30000
36.369506852564484 127.34821900972433 36.36952456641995 127.34793793574649 30000 30000
36.36952456641995 127.34793793574649 36.36955855944899 127.34792696856422 30000 60000
36.36955855944899 127.34792696856422 36.36953585714207 127.3476837437887 30000 30000
36.36953585714207 127.3476837437887 36.36954892889944 127.34784063266983 60000 30000
36.36954892889944 127.34784063266983 36.36954338422109 127.34779646696309 30000 30000
36.36954338422109 127.34779646696309 36.369547151904 127.34785730614618 30000 30000
36.369547151904 127.34785730614618 36.36961007295011 127.34778988664809 30000 90000
36.36961007295011 127.34778988664809 36.369632936454465 127.34794649513474 30000 30000
36.369632936454465 127.34794649513474 36.36965474427425 127.34745133787229 90000 30000
36.36965474427425 127.34745133787229 36.369570748797884 127.34768380153982 30000 30000
36.369570748797884 127.34768380153982 36.36951998078564 127.34764757675629 60000 90000
36.36951998078564 127.34764757675629 36.369616971510496 127.34777560457266 60000 30000
36.369616971510496 127.34777560457266 36.36978912101091 127.34751735555079 60000 30000
36.36978912101091 127.34751735555079 36.36974459467693 127.34772281348395 30000 30000
36.36974459467693 127.34772281348395 36.36971815294062 127.34755113126644 30000 90000
36.36971815294062 127.34755113126644 36.36951940321686 127.3478358390217 150000 30000
36.36951940321686 127.3478358390217 36.36956299196416 127.34761452673493 60000 60000
36.36956299196416 127.34761452673493 36.36956287372984 127.34763321768678 90000 30000
36.36956287372984 127.34763321768678 36.36951743410482 127.34777845766374 60000 60000
36.36951743410482 127.34777845766374 36.36962593853038 127.34773642492627 60000 30000
36.36962593853038 127.34773642492627 36.36960868677692 127.34759925504669 30000 60000
36.36960868677692 127.34759925504669 36.369563072562876 127.34782776888761 30000 30000
36.369563072562876 127.34782776888761 36.36954137755566 127.34777004671618 30000 30000
36.36954137755566 127.34777004671618 36.36954998462121 127.34763796188871 30000 60000
36.36954998462121 127.34763796188871 36.369583550567626 127.3476946945577 30000 30000
36.369583550567626 127.3476946945577 36.36961655242544 127.34793889235931 30000 30000
36.36961655242544 127.34793889235931 36.36968141168056 127.34762603813572 30000 30000
36.36968141168056 127.34762603813572 36.369625111186906 127.34774141647901 210000 30000
36.369625111186906 127.34774141647901 36.36959842761819 127.34756409399532 30000 30000
36.36959842761819 127.34756409399532 36.36950966514945 127.34780446565884 150000 30000
36.36950966514945 127.34780446565884 36.369464494131044 127.34771646407651 30000 30000
36.369464494131044 127.34771646407651 36.369535494462355 127.34760232262744 30000 30000
36.369535494462355 127.34760232262744 36.3695231694866 127.34769081889918 30000 30000
36.3695231694866 127.34769081889918 36.36954368244741 127.34776077821277 30000 60000
36.36954368244741 127.34776077821277 36.36955382881645 127.34737860796818 60000 60000
36.36955382881645 127.34737860796818 36.369549098155304 127.34726807826094 90000 30000
36.369549098155304 127.34726807826094 36.369540837632634 127.3476766769866 60000 30000
36.369540837632634 127.3476766769866 36.36960087757605 127.3477296741785 30000 90000
36.36960087757605 127.3477296741785 36.36962533683812 127.34766987400229 30000 30000
36.36962533683812 127.34766987400229 36.36961344162334 127.34695797822778 60000 30000
36.36961344162334 127.34695797822778 36.36967527069698 127.34786474404191 360000 30000
36.36967527069698 127.34786474404191 36.36950395128403 127.34727304235346 210000 30000
36.36950395128403 127.34727304235346 36.369310880580066 127.34718106619496 30000 30000
36.369310880580066 127.34718106619496 36.36997556323663 127.3475581156755 150000 30000
36.36997556323663 127.3475581156755 36.36973562894255 127.34774296678694 60000 30000
36.36973562894255 127.34774296678694 36.369592455813574 127.3475106515564 30000 30000
36.369592455813574 127.3475106515564 36.369553047139966 127.34727495545766 60000 30000
36.369553047139966 127.34727495545766 36.36957259031085 127.34742004697375 150000 30000
36.36957259031085 127.34742004697375 36.369573758805444 127.3474390843258 60000 60000
36.369573758805444 127.3474390843258 36.36959707769338 127.34749325239231 30000 30000
36.36959707769338 127.34749325239231 36.369609957450784 127.34763973756019 60000 30000
36.369609957450784 127.34763973756019 36.36962906410903 127.34752528824075 300000 60000
36.36962906410903 127.34752528824075 36.36946876549038 127.34720121944369 60000 30000
36.36946876549038 127.34720121944369 36.36950534144387 127.34731507235432 30000 30000
36.36950534144387 127.34731507235432 36.369391382393836 127.34715434075784 30000 30000
36.369391382393836 127.34715434075784 36.369188084737196 127.34677564212406 60000 30000
36.369188084737196 127.34677564212406 36.36950560346628 127.34760017037473 360000 30000
36.36950560346628 127.34760017037473 36.36955814444006 127.34759799342297 60000 30000
36.36955814444006 127.34759799342297 36.36952119361355 127.3478005652589 30000 30000
36.36952119361355 127.3478005652589 36.36956269382003 127.34758681178528 30000 30000
36.36956269382003 127.34758681178528 36.36956167027037 127.34775612743528 30000 30000
36.36956167027037 127.34775612743528 36.36959822209462 127.3477184018597 30000 30000
36.36959822209462 127.3477184018597 36.369969700144175 127.34798800564306 120000 30000
36.369969700144175 127.34798800564306 36.3695845297087 127.3474984227081 90000 30000
36.3695845297087 127.3474984227081 36.369654514650705 127.34752302057237 60000 30000
36.369654514650705 127.34752302057237 36.36957106444775 127.34778946887441 270000 30000
36.36957106444775 127.34778946887441 36.36953626002481 127.34756379718824 30000 60000
36.36953626002481 127.34756379718824 36.3695398987352 127.34750820245858 210000 60000
36.3695398987352 127.34750820245858 36.369627238723204 127.34730146362443 120000 30000
36.369627238723204 127.34730146362443 36.36972790039194 127.34740774114965 180000 60000
36.36972790039194 127.34740774114965 36.36969858551538 127.34738445436824 30000 30000
36.36969858551538 127.34738445436824 36.3697198211632 127.34726754224646 210000 30000
36.3697198211632 127.34726754224646 36.36964853613022 127.34739420945176 30000 30000
36.36964853613022 127.34739420945176 36.36960873508296 127.34743320488684 60000 60000
36.36960873508296 127.34743320488684 36.36965968044241 127.3470178773891 60000 30000
36.36965968044241 127.3470178773891 36.369607812350736 127.34713545741796 30000 30000
36.369607812350736 127.34713545741796 36.36958073264718 127.34721061442394 30000 30000
36.36958073264718 127.34721061442394 36.36969375817569 127.34696469052923 90000 60000
36.36969375817569 127.34696469052923 36.369676044412884 127.34709969441553 180000 30000
36.369676044412884 127.34709969441553 36.369697483666684 127.34767972727519 150000 30000
36.369697483666684 127.34767972727519 36.369500840548156 127.3476319588333 30000 30000
36.369500840548156 127.3476319588333 36.3697307572549 127.3476916435083 150000 30000
36.3697307572549 127.3476916435083 36.369794415833354 127.34753788816244 120000 30000
36.369794415833354 127.34753788816244 36.36956612690226 127.34799493227828 600000 30000
36.36956612690226 127.34799493227828 36.36955523910326 127.34762773684454 180000 30000
36.36955523910326 127.34762773684454 36.36951651538677 127.34749540464954 240000 30000
36.36951651538677 127.34749540464954 36.36949267225398 127.34764881549262 60000 30000
36.36949267225398 127.34764881549262 36.369550307022976 127.34753964455413 60000 30000
36.369550307022976 127.34753964455413 36.36956523641909 127.34778413915708 30000 30000
36.36956523641909 127.34778413915708 36.36951394054985 127.34771033725306 420000 30000
36.36951394054985 127.34771033725306 36.36951974976132 127.34767186954191 270000 30000
36.36951974976132 127.34767186954191 36.3696500780771 127.34798645537589 150000 60000
36.3696500780771 127.34798645537589 36.369634362877974 127.3475860696891 30000 30000
36.369634362877974 127.3475860696891 36.369760487156576 127.34796101639495 30000 30000
36.369760487156576 127.34796101639495 36.36954246959138 127.34765199666714 120000 30000
36.36954246959138 127.34765199666714 36.36969885958161 127.34789633458338 180000 30000
36.36969885958161 127.34789633458338 36.369716468632454 127.34796835531003 90000 30000
36.369716468632454 127.34796835531003 36.36965515527217 127.34787252829659 60000 30000
36.36965515527217 127.34787252829659 36.3695551061482 127.34783124046156 90000 30000
36.3695551061482 127.34783124046156 36.36953849642913 127.34737295940624 30000 30000
36.36953849642913 127.34737295940624 36.36942831304436 127.34753534833905 60000 30000
36.36942831304436 127.34753534833905 36.36959183933203 127.34767085531976 90000 30000
36.36959183933203 127.34767085531976 36.3695102937434 127.34732074561697 60000 30000
36.3695102937434 127.34732074561697 36.36953874765063 127.34791924477338 180000 30000
36.36953874765063 127.34791924477338 36.36955406253698 127.34794604163218 60000 60000
36.36955406253698 127.34794604163218 36.36954821167207 127.34805207724446 30000 30000
36.36954821167207 127.34805207724446 36.369784248290316 127.34759666787835 270000 30000
36.369784248290316 127.34759666787835 36.36955562598395 127.34769932884794 360000 30000
36.36955562598395 127.34769932884794 36.36959242895827 127.34783879656288 60000 30000
36.36959242895827 127.34783879656288 36.36961167665591 127.34817652630016 90000 60000
36.36961167665591 127.34817652630016 36.369517802132385 127.34803560167065 270000 30000
36.369517802132385 127.34803560167065 36.3695199243495 127.34757717772563 60000 60000
36.3695199243495 127.34757717772563 36.369560179381125 127.3473145692647 30000 60000
36.369560179381125 127.3473145692647 36.369561388209476 127.34744073351862 330000 30000
36.369561388209476 127.34744073351862 36.3695449073856 127.34780397088358 150000 30000
36.3695449073856 127.34780397088358 36.36955139494919 127.3474747071057 30000 30000
36.36955139494919 127.3474747071057 36.36953221442553 127.34768258938382 60000 30000
36.36953221442553 127.34768258938382 36.369508682011016 127.34811715485137 30000 30000
36.369508682011016 127.34811715485137 36.36955232173814 127.34762148637992 30000 30000
36.36955232173814 127.34762148637992 36.36956743250926 127.34731110594245 570000 30000
36.36956743250926 127.34731110594245 36.36968847957543 127.34743801233934 180000 30000
36.36968847957543 127.34743801233934 36.3695431746892 127.34769858672723 30000 30000
36.3695431746892 127.34769858672723 36.369507110494936 127.34755098279467 150000 30000
36.369507110494936 127.34755098279467 36.369596512226074 127.34733694354186 60000 30000
36.369596512226074 127.34733694354186 36.36966681398045 127.3475414999521 60000 60000
36.36966681398045 127.3475414999521 36.36959621670088 127.34734766336426 30000 60000
36.36959621670088 127.34734766336426 36.3696234429159 127.34737707420354 60000 60000
36.3696234429159 127.34737707420354 36.36958864127927 127.34761203091246 300000 30000
36.36958864127927 127.34761203091246 36.369548231852356 127.34753378986588 270000 60000
36.369548231852356 127.34753378986588 36.36960333554622 127.34773952818465 150000 90000
36.36960333554622 127.34773952818465 36.36958899043016 127.34741682001703 60000 90000
36.36958899043016 127.34741682001703 36.369590803662135 127.34769825677986 60000 30000
36.369590803662135 127.34769825677986 36.369563765605626 127.34766081985282 240000 30000
36.369563765605626 127.34766081985282 36.36957202624272 127.3475764630468 150000 30000
36.36957202624272 127.3475764630468 36.369456257784485 127.34753721192001 60000 30000
36.369456257784485 127.34753721192001 36.369516821628004 127.34746662593795 30000 30000
36.369516821628004 127.34746662593795 36.36923628587206 127.34757811221075 210000 30000
36.36923628587206 127.34757811221075 36.36946504215702 127.34727086542236 180000 30000
36.36946504215702 127.34727086542236 36.36977737097081 127.3476444927554 90000 30000
36.36977737097081 127.3476444927554 36.369580750062184 127.34727008202869 120000 30000
36.369580750062184 127.34727008202869 36.369534645534706 127.3476876744384 90000 90000
36.369534645534706 127.3476876744384 36.36954788927312 127.347212483502 90000 60000
36.36954788927312 127.347212483502 36.36949899767048 127.34775177347107 90000 30000
36.36949899767048 127.34775177347107 36.369436969857766 127.3485808837258 180000 60000
36.369436969857766 127.3485808837258 36.36962352343568 127.34754735459043 210000 60000
36.36962352343568 127.34754735459043 36.36966921841427 127.34757984397888 60000 30000
36.36966921841427 127.34757984397888 36.3697579484997 127.34758751271977 330000 30000
36.3697579484997 127.34758751271977 36.36970302612045 127.34750925794854 30000 30000
36.36970302612045 127.34750925794854 36.369622435549175 127.34745021638844 360000 30000
36.369622435549175 127.34745021638844 36.36953173088101 127.34734260577521 270000 30000
36.36953173088101 127.34734260577521 36.369783898643774 127.34758330727998 120000 30000
36.369783898643774 127.34758330727998 36.369294351393776 127.34789550178647 300000 30000
36.369294351393776 127.34789550178647 36.369482288611096 127.34750422790144 60000 30000
36.369482288611096 127.34750422790144 36.3697226499451 127.34752772905986 450000 60000
36.3697226499451 127.34752772905986 36.36956787573858 127.34781897858974 180000 30000
36.36956787573858 127.34781897858974 36.36956743239699 127.34767632245564 60000 30000
36.36956743239699 127.34767632245564 36.369551274055866 127.34751404063294 30000 30000
36.369551274055866 127.34751404063294 36.36956187170842 127.34768761947072 120000 30000
36.36956187170842 127.34768761947072 36.36955623042666 127.34738688699292 60000 30000
36.36955623042666 127.34738688699292 36.369598298721556 127.34781732937975 60000 30000
36.369598298721556 127.34781732937975 36.36959906422722 127.34774097124196 30000 30000
36.36959906422722 127.34774097124196 36.369555706589864 127.34769479350649 60000 30000
36.369555706589864 127.34769479350649 36.369553530567906 127.34775589656343 90000 30000
36.369553530567906 127.34775589656343 36.36954694910342 127.34762154126842 30000 30000
36.36954694910342 127.34762154126842 36.36954253002541 127.34765397570132 180000 60000
36.36954253002541 127.34765397570132 36.36953698271801 127.34780355855167 30000 90000
36.36953698271801 127.34780355855167 36.369554658939094 127.34776348291041 120000 60000
36.369554658939094 127.34776348291041 36.36950835961934 127.34747182098818 150000 30000
36.36950835961934 127.34747182098818 36.36955183827235 127.34786828983326 30000 30000
36.36955183827235 127.34786828983326 36.369530481717874 127.34750934044851 30000 90000
36.369530481717874 127.34750934044851 36.36956694888495 127.34781312392015 30000 30000
36.36956694888495 127.34781312392015 36.369542570242196 127.34773994050364 120000 30000
36.369542570242196 127.34773994050364 36.369577466026826 127.34823136231823 60000 90000
36.369577466026826 127.34823136231823 36.3695569960696 127.3480643528377 30000 30000
36.3695569960696 127.3480643528377 36.369546922149304 127.3478622702703 30000 60000
36.369546922149304 127.3478622702703 36.369550468218385 127.34768225952567 30000 30000
36.369550468218385 127.34768225952567 36.369553732134946 127.34760821026791 30000 30000
36.369553732134946 127.34760821026791 36.369544484381734 127.34768180601141 30000 30000
36.369544484381734 127.34768180601141 36.36953191222363 127.3475459527669 30000 90000
36.36953191222363 127.3475459527669 36.36957033379842 127.34754892133256 150000 90000
36.36957033379842 127.34754892133256 36.36955469926589 127.34834994004632 60000 30000
36.36955469926589 127.34834994004632 36.369574242347504 127.34741846921827 120000 30000
36.369574242347504 127.34741846921827 36.369514081539876 127.34745038131135 270000 30000
36.369514081539876 127.34745038131135 36.369507231342894 127.34765084217722 60000 30000
36.369507231342894 127.34765084217722 36.3694894610904 127.34749570701858 270000 30000
36.3694894610904 127.34749570701858 36.36954359790843 127.34785521988798 60000 60000
36.36954359790843 127.34785521988798 36.3695439404176 127.34784066563181 30000 90000
36.3695439404176 127.34784066563181 36.369608595412046 127.34706504464691 660000 300000
36.369608595412046 127.34706504464691 36.36955025061707 127.34775328254116 510000 60000
36.36955025061707 127.34775328254116 36.36957153788476 127.347655231334 180000 30000
36.36957153788476 127.347655231334 36.36953922570565 127.34814972667344 90000 60000
36.36953922570565 127.34814972667344 36.369562355309384 127.34742267467948 120000 30000
36.369562355309384 127.34742267467948 36.369563362617164 127.34796748953109 60000 30000
36.369563362617164 127.34796748953109 36.36955272461056 127.34772777760784 90000 60000
36.36955272461056 127.34772777760784 36.36953713048849 127.34718230311987 150000 30000
36.36953713048849 127.34718230311987 36.369532375535705 127.34754603521355 60000 30000
36.369532375535705 127.34754603521355 36.36952288277746 127.34708499549342 60000 30000
36.36952288277746 127.34708499549342 36.36955686705294 127.3471962677197 30000 90000
36.36955686705294 127.3471962677197 36.36956432046293 127.34742616864645 30000 90000
36.36956432046293 127.34742616864645 36.3695669650741 127.34754209364118 90000 30000
36.3695669650741 127.34754209364118 36.3695326899399 127.34776142138399 270000 30000
36.3695326899399 127.34776142138399 36.369511052971305 127.34774244561035 210000 30000
36.369511052971305 127.34774244561035 36.36951834476575 127.34767122637017 120000 120000
36.36951834476575 127.34767122637017 36.36953495779998 127.34772359133471 60000 30000
36.36953495779998 127.34772359133471 36.369540474972865 127.34792980517079 30000 60000
36.369540474972865 127.34792980517079 36.369535477455834 127.3480427468874 30000 30000
36.369535477455834 127.3480427468874 36.369465372623736 127.34763270095297 60000 30000
36.369465372623736 127.34763270095297 36.36968190517765 127.34802142465814 30000 30000
36.36968190517765 127.34802142465814 36.36943218139981 127.34785568993938 510000 570000
36.36943218139981 127.34785568993938 36.369467207707345 127.34789175624803 150000 30000
36.369467207707345 127.34789175624803 36.36957423429244 127.34781404752084 90000 60000
36.36957423429244 127.34781404752084 36.3695413184721 127.34772172501158 30000 30000
36.3695413184721 127.34772172501158 36.36954782021748 127.34777635138175 30000 60000
36.36954782021748 127.34777635138175 36.369559679701 127.34771435305714 30000 180000
36.369559679701 127.34771435305714 36.36957976283655 127.3475734285091 30000 30000
36.36957976283655 127.3475734285091 36.36957054595917 127.34763650512701 30000 30000
36.36957054595917 127.34763650512701 36.369587195952825 127.34752926279411 60000 60000
36.369587195952825 127.34752926279411 36.369576813201846 127.3474632616539 120000 60000
36.369576813201846 127.3474632616539 36.36957038475649 127.34763122761639 30000 30000
36.36957038475649 127.34763122761639 36.36959034444789 127.34761601099981 90000 60000
36.36959034444789 127.34761601099981 36.36958299450369 127.34754885533675 30000 30000
36.36958299450369 127.34754885533675 36.36944549603473 127.34799747381025 60000 30000
36.36944549603473 127.34799747381025 36.36941005130727 127.34837709427612 180000 30000
36.36941005130727 127.34837709427612 36.36953848970531 127.34752091783668 90000 30000
36.36953848970531 127.34752091783668 36.3695948789326 127.34769627229359 150000 60000
36.3695948789326 127.34769627229359 36.36978272424358 127.34747171996906 30000 60000
36.36978272424358 127.34747171996906 36.36973827143085 127.3475805768054 30000 30000
36.36973827143085 127.3475805768054 36.369685456207804 127.34770991166046 30000 30000
36.369685456207804 127.34770991166046 36.36953954171379 127.34777235773916 120000 30000
36.36953954171379 127.34777235773916 36.369493998346755 127.3477787215559 150000 30000
36.369493998346755 127.3477787215559 36.36950573235774 127.34773838196449 120000 30000
36.36950573235774 127.34773838196449 36.36952829771772 127.34793333447408 30000 30000
36.36952829771772 127.34793333447408 36.369583308821554 127.34739500103126 60000 30000
36.369583308821554 127.34739500103126 36.37229526412773 127.35416265315641 480000 30000
36.37229526412773 127.35416265315641 36.371902202785876 127.35443806981753 120000 30000
36.371902202785876 127.35443806981753 36.371930281305445 127.35433075899617 30000 90000
36.371930281305445 127.35433075899617 36.37184561169875 127.35546532989191 420000 60000
36.37184561169875 127.35546532989191 36.372384434289444 127.35572187754491 60000 1770000
36.372384434289444 127.35572187754491 36.37199707626111 127.35566721458207 360000 30000
36.37199707626111 127.35566721458207 36.37200904402469 127.35558310517919 90000 30000
36.37200904402469 127.35558310517919 36.371993530597464 127.35579741926392 30000 30000
36.371993530597464 127.35579741926392 36.3719791047037 127.3557291421788 180000 30000
36.3719791047037 127.3557291421788 36.37205245532326 127.35575201113805 60000 30000
36.37205245532326 127.35575201113805 36.372079641574416 127.35575124156571 30000 60000
36.372079641574416 127.35575124156571 36.372007150253495 127.35557172561636 90000 30000
36.372007150253495 127.35557172561636 36.372032778062135 127.35545908499894 90000 30000
36.372032778062135 127.35545908499894 36.37225762583799 127.3552961434276 120000 30000
36.37225762583799 127.3552961434276 36.37186668085259 127.35563076723133 210000 30000
36.37186668085259 127.35563076723133 36.37206029963472 127.35558129101526 60000 30000
36.37206029963472 127.35558129101526 36.372009205176035 127.35573705848202 30000 30000
36.372009205176035 127.35573705848202 36.37198265083358 127.35568890163307 90000 30000
36.37198265083358 127.35568890163307 36.37196823838277 127.35583859444313 90000 30000
36.37196823838277 127.35583859444313 36.37197310058821 127.35581638507611 60000 60000
36.37197310058821 127.35581638507611 36.37197261698451 127.35577433040206 30000 30000
36.37197261698451 127.35577433040206 36.37304680809942 127.35178844971955 690000 30000
36.37304680809942 127.35178844971955 36.37296198663202 127.35167193335627 150000 30000
36.37296198663202 127.35167193335627 36.373053698374996 127.35167951977446 30000 30000
36.373053698374996 127.35167951977446 36.37291649335295 127.3518962253269 60000 30000
36.37291649335295 127.3518962253269 36.37295578169762 127.35175162297051 60000 4140000
36.37295578169762 127.35175162297051 36.37142528244028 127.35007170170067 150000 30000
36.37142528244028 127.35007170170067 36.37086679387656 127.34929349968593 90000 90000
36.37086679387656 127.34929349968593 36.369484940041914 127.34925160994264 120000 30000
36.369484940041914 127.34925160994264 36.36937667466404 127.3489584142751 480000 30000
36.36937667466404 127.3489584142751 36.36950689286429 127.34871385364605 180000 30000
36.36950689286429 127.34871385364605 36.36953218620225 127.34899040058494 30000 30000
36.36953218620225 127.34899040058494 36.36954120022696 127.34907146725513 180000 30000
36.36954120022696 127.34907146725513 36.36935287168553 127.3491989507752 90000 30000
36.36935287168553 127.3491989507752 36.36941586181363 127.34881385462461 150000 90000
36.36941586181363 127.34881385462461 36.370116842997724 127.34828270264092 300000 30000
36.370116842997724 127.34828270264092 36.36971754047389 127.34771452621692 270000 90000
36.36971754047389 127.34771452621692 36.36973060028129 127.34774001915446 30000 30000
36.36973060028129 127.34774001915446 36.3695050478886 127.34802631401568 60000 30000
36.3695050478886 127.34802631401568 36.369572340439476 127.34789543572316 90000 60000
36.369572340439476 127.34789543572316 36.36947667145504 127.34808943172732 150000 30000
36.36947667145504 127.34808943172732 36.36950924610225 127.3480408791321 30000 30000
36.36950924610225 127.3480408791321 36.36949581569531 127.34809776020438 120000 30000
36.36949581569531 127.34809776020438 36.36952272082409 127.34790018547379 90000 90000
36.36952272082409 127.34790018547379 36.369520762515684 127.34791560552321 30000 30000
36.369520762515684 127.34791560552321 36.369552893940636 127.3477949497009 120000 30000
36.369552893940636 127.3477949497009 36.36959003009544 127.34762719257807 30000 30000
36.36959003009544 127.34762719257807 36.369945273173734 127.34791685894541 60000 30000
36.369945273173734 127.34791685894541 36.36963852942543 127.34729095823332 210000 30000
36.36963852942543 127.34729095823332 36.369644759017795 127.3472453027758 30000 30000
36.369644759017795 127.3472453027758 36.36960742148922 127.3474440484254 90000 270000
36.36960742148922 127.3474440484254 36.36968326931107 127.34721203827672 60000 30000
36.36968326931107 127.34721203827672 36.369475262351955 127.34727141513306 60000 30000
36.369475262351955 127.34727141513306 36.36944032775491 127.34743981056468 30000 30000
36.36944032775491 127.34743981056468 36.369425747598136 127.34756274503579 30000 30000
36.369425747598136 127.34756274503579 36.3694764860878 127.34719298418763 600000 30000
36.3694764860878 127.34719298418763 36.369443347210954 127.3483579113211 150000 30000
36.369443347210954 127.3483579113211 36.36945077765632 127.34836379349596 30000 150000
36.36945077765632 127.34836379349596 36.36973840529185 127.34782516307254 90000 840000
36.36973840529185 127.34782516307254 36.36955062944048 127.34630838944712 120000 1020000
36.36955062944048 127.34630838944712 36.36949278985874 127.3459867077708 30000 390000
36.36949278985874 127.3459867077708 36.3695070653628 127.34615234086809 30000 30000
36.3695070653628 127.34615234086809 36.36952338022458 127.34634163583638 30000 30000
36.36952338022458 127.34634163583638 36.369539695086345 127.3465309308047 30000 30000
36.369539695086345 127.3465309308047 36.36955198952164 127.34670477849996 30000 30000
36.36955198952164 127.34670477849996 36.36956876212414 127.3465605528418 30000 30000
36.36956876212414 127.3465605528418 36.369862353619276 127.3479663350506 210000 240000
36.369862353619276 127.3479663350506 36.36988729632225 127.34798389908141 150000 1950000
36.36988729632225 127.34798389908141 36.36985324689267 127.34796105755166 30000 30000
36.36985324689267 127.34796105755166 36.37002451788115 127.34804732752957 60000 1380000
36.37002451788115 127.34804732752957 36.369968692845475 127.3480660130287 30000 30000
36.369968692845475 127.3480660130287 36.37004400469824 127.34811677553034 30000 30000
36.37004400469824 127.34811677553034 36.370081116599835 127.34810275729912 30000 60000
36.370081116599835 127.34810275729912 36.37000801293603 127.34794769907018 90000 30000
36.37000801293603 127.34794769907018 36.370031924150396 127.34792507198341 150000 60000
36.370031924150396 127.34792507198341 36.37007972243961 127.34820861979316 30000 30000
36.37007972243961 127.34820861979316 36.37006687630292 127.34812856185602 60000 30000
36.37006687630292 127.34812856185602 36.370104587290825 127.34824770041132 90000 60000
36.370104587290825 127.34824770041132 36.37006036255879 127.34809211167905 30000 60000
36.37006036255879 127.34809211167905 36.370022007541664 127.34795498854352 30000 210000
36.370022007541664 127.34795498854352 36.370000993499275 127.34780914936482 60000 90000
36.370000993499275 127.34780914936482 36.37002858773019 127.34811121775147 150000 30000
36.37002858773019 127.34811121775147 36.369989452983745 127.34795665424303 30000 30000
36.369989452983745 127.34795665424303 36.370033253909796 127.34809441233477 90000 30000
36.370033253909796 127.34809441233477 36.37003871802091 127.34801594314217 90000 30000
36.37003871802091 127.34801594314217 36.369997221893115 127.34808197729777 60000 30000
36.369997221893115 127.34808197729777 36.37005948689011 127.34823613060992 90000 30000
36.37005948689011 127.34823613060992 36.36991007936251 127.34802453551663 30000 60000
36.36991007936251 127.34802453551663 36.369986643041756 127.3480915262299 120000 30000
36.369986643041756 127.3480915262299 36.37005753181865 127.34815491343004 180000 60000
36.37005753181865 127.34815491343004 36.36996718981263 127.34802999436798 30000 30000
36.36996718981263 127.34802999436798 36.37010851301348 127.34813978428411 30000 30000
36.37010851301348 127.34813978428411 36.37001338025425 127.34803701999896 450000 30000
36.37001338025425 127.34803701999896 36.370167380299705 127.3478228814334 90000 60000
36.370167380299705 127.3478228814334 36.37006348745426 127.34809208694026 30000 30000
36.37006348745426 127.34809208694026 36.37002996183483 127.34809008730767 60000 30000
36.37002996183483 127.34809008730767 36.36972011172935 127.34810834372652 60000 90000
36.36972011172935 127.34810834372652 36.3698676591702 127.34803329480279 30000 30000
36.3698676591702 127.34803329480279 36.37002162171716 127.34795498288238 30000 30000
36.37002162171716 127.34795498288238 36.37001245080424 127.34808759562024 120000 30000
