36.354860342527914 127.37824194258081 36.35624335692198 127.37477976683981 810000 420000
36.35624335692198 127.37477976683981 36.35499000722192 127.37842860862736 510000 570000
36.35499000722192 127.37842860862736 36.35501248885033 127.37834509801952 30000 120000
36.35501248885033 127.37834509801952 36.35498736971283 127.37909772675619 1590000 60000
36.35498736971283 127.37909772675619 36.35507719204665 127.37877791305165 1590000 60000
36.35507719204665 127.37877791305165 36.35481061814578 127.37821374125839 750000 150000
36.35481061814578 127.37821374125839 36.35518141524232 127.37917555749654 120000 390000
36.35518141524232 127.37917555749654 36.3532345893843 127.38331192807296 150000 750000
36.3532345893843 127.38331192807296 36.36581539656513 127.37354680857382 1290000 690000
36.36581539656513 127.37354680857382 36.366063342907566 127.37333876390136 150000 2760000
36.366063342907566 127.37333876390136 36.367354313967546 127.34923383695275 1050000 3540000
36.367354313967546 127.34923383695275 36.36749669864186 127.34895602286707 150000 60000
36.36749669864186 127.34895602286707 36.366632668589915 127.35554112743772 3180000 7110000
36.366632668589915 127.35554112743772 36.36667792285625 127.35560399507862 180000 60000
36.36667792285625 127.35560399507862 36.36669481662648 127.35565096581234 150000 60000
36.36669481662648 127.35565096581234 36.366625439604654 127.35555872989761 960000 90000
36.366625439604654 127.35555872989761 36.36659237598772 127.35557786480908 60000 60000
36.36659237598772 127.35557786480908 36.36659895486405 127.35547352109928 30000 90000
36.36659895486405 127.35547352109928 36.36661099506261 127.35552392339548 270000 60000
36.36661099506261 127.35552392339548 36.366624171684414 127.35548258061367 30000 150000
36.366624171684414 127.35548258061367 36.36660347059399 127.355669012214 180000 60000
36.36660347059399 127.355669012214 36.36659348545235 127.35556594243218 60000 60000
36.36659348545235 127.35556594243218 36.36660923752152 127.35556229630627 60000 60000
36.36660923752152 127.35556229630627 36.36659962912195 127.35558433216939 300000 90000
36.36659962912195 127.35558433216939 36.36660278345393 127.35558418376368 60000 270000
36.36660278345393 127.35558418376368 36.36658788713587 127.35550192039022 150000 120000
36.36658788713587 127.35550192039022 36.36661109178267 127.35539156094553 180000 60000
36.36661109178267 127.35539156094553 36.366585179238875 127.3555629793933 60000 60000
36.366585179238875 127.3555629793933 36.36662699232499 127.35544724907498 630000 60000
36.36662699232499 127.35544724907498 36.36656877504394 127.35564560596815 90000 60000
36.36656877504394 127.35564560596815 36.36664223333135 127.35547448031458 330000 90000
36.36664223333135 127.35547448031458 36.36661283993675 127.35554387884154 30000 90000
36.36661283993675 127.35554387884154 36.366632427473164 127.35549829897874 30000 90000
36.366632427473164 127.35549829897874 36.366600547842545 127.35569645500804 90000 90000
36.366600547842545 127.35569645500804 36.366673842294844 127.35542754676841 30000 60000
36.366673842294844 127.35542754676841 36.36658230215533 127.35559283548503 30000 60000
36.36658230215533 127.35559283548503 36.36660487020041 127.35565604944503 270000 60000
36.36660487020041 127.35565604944503 36.36662740598413 127.35553834579633 60000 60000
36.36662740598413 127.35553834579633 36.36663829381311 127.35552673525588 60000 60000
36.36663829381311 127.35552673525588 36.36660734165501 127.35550373710986 300000 60000
36.36660734165501 127.35550373710986 36.36661375935503 127.35570041307606 420000 90000
36.36661375935503 127.35570041307606 36.366619731112905 127.35551861026708 60000 60000
36.366619731112905 127.35551861026708 36.36660238048129 127.35554235007207 120000 150000
36.36660238048129 127.35554235007207 36.36658374796479 127.3554568552548 30000 120000
36.36658374796479 127.3554568552548 36.36660966461989 127.35553011626021 480000 120000
36.36660966461989 127.35553011626021 36.366665695270996 127.35552494181994 450000 90000
36.366665695270996 127.35552494181994 36.36664687936682 127.35554703981164 180000 90000
36.36664687936682 127.35554703981164 36.36663865510392 127.35552640133847 60000 150000
36.36663865510392 127.35552640133847 36.3666328143102 127.35554402453363 150000 90000
36.3666328143102 127.35554402453363 36.36653298342384 127.35552497067754 120000 330000
36.36653298342384 127.35552497067754 36.366617320783746 127.35551927270117 30000 60000
36.366617320783746 127.35551927270117 36.36668862123389 127.35557219288212 90000 90000
36.36668862123389 127.35557219288212 36.366613948081415 127.35552913070492 30000 150000
36.366613948081415 127.35552913070492 36.36666618887823 127.35557411698373 780000 90000
36.36666618887823 127.35557411698373 36.366643873357596 127.35556433385037 120000 90000
36.366643873357596 127.35556433385037 36.366653178876504 127.3555804609349 30000 120000
36.366653178876504 127.3555804609349 36.36663337037532 127.35551130710027 240000 60000
