36.36852430877696 127.36538837004814 36.37269406340361 127.35350090163077 900000 2790000
36.37269406340361 127.35350090163077 36.371772108010184 127.3542216042239 2160000 4800000
36.371772108010184 127.3542216042239 36.37335706964037 127.34820860332627 900000 12270000
36.37335706964037 127.34820860332627 36.37330752265353 127.34818155631365 660000 60000
36.37330752265353 127.34818155631365 36.37161656824985 127.34661547143307 1140000 120000
36.37161656824985 127.34661547143307 36.37027231777088 127.35453660231869 480000 5400000
36.37027231777088 127.35453660231869 36.35679334230556 127.36827279579195 1350000 4560000
36.35679334230556 127.36827279579195 36.35668569155223 127.36878094921576 120000 8550000
36.35668569155223 127.36878094921576 36.36817599636972 127.36636403952826 2730000 60000
36.36817599636972 127.36636403952826 36.368135996576605 127.36628361329151 60000 60000
36.368135996576605 127.36628361329151 36.36811112096277 127.3662876812135 360000 60000
36.36811112096277 127.3662876812135 36.368247130989865 127.36628295366008 240000 60000
36.368247130989865 127.36628295366008 36.36821312172763 127.36640592928627 930000 60000
36.36821312172763 127.36640592928627 36.3680206177736 127.36597713610284 1710000 60000
36.3680206177736 127.36597713610284 36.36819912584699 127.36641335081798 360000 360000
36.36819912584699 127.36641335081798 36.36810420241394 127.36709874599295 390000 60000
