36.36954450540278 127.34608419180887 36.369508726761424 127.34597110348895 30000 30000
36.369508726761424 127.34597110348895 36.36947294812008 127.34585801516903 30000 30000
36.36947294812008 127.34585801516903 36.36943716947873 127.34574492684911 30000 30000
36.36943716947873 127.34574492684911 36.369411681202294 127.34562629247216 30000 30000
36.369411681202294 127.34562629247216 36.370462229331366 127.34751927098387 90000 120000
36.370462229331366 127.34751927098387 36.37044674788753 127.34750901054517 30000 390000
36.37044674788753 127.34750901054517 36.37831162778744 127.35566449348389 180000 270000
36.37831162778744 127.35566449348389 36.38586235773151 127.35218730990424 150000 30000
36.38586235773151 127.35218730990424 36.390641820471416 127.37529984360175 270000 30000
36.390641820471416 127.37529984360175 36.397009225886016 127.37527628746123 120000 30000
36.397009225886016 127.37527628746123 36.4025419012517 127.37535583420133 90000 60000
36.4025419012517 127.37535583420133 36.40598583080141 127.37642902671591 60000 60000
36.40598583080141 127.37642902671591 36.404784736165055 127.36363468794033 210000 60000
36.404784736165055 127.36363468794033 36.40470013624248 127.36375483266733 60000 30000
36.40470013624248 127.36375483266733 36.404777724785546 127.36368278292576 90000 90000
36.404777724785546 127.36368278292576 36.40482669697321 127.36365692493553 30000 210000
36.40482669697321 127.36365692493553 36.40480913494828 127.3635396524346 30000 60000
36.40480913494828 127.3635396524346 36.404774178796664 127.36376629440424 30000 90000
36.404774178796664 127.36376629440424 36.40475564298056 127.3638371275118 30000 30000
36.40475564298056 127.3638371275118 36.40476213051885 127.36371294273266 30000 30000
36.40476213051885 127.36371294273266 36.40479255344697 127.36355222776284 30000 30000
36.40479255344697 127.36355222776284 36.40477840979892 127.3636017862645 60000 30000
36.40477840979892 127.3636017862645 36.404775065299255 127.38963393493135 390000 30000
36.404775065299255 127.38963393493135 36.39933751364987 127.38941799907711 90000 60000
36.39933751364987 127.38941799907711 36.39459204673954 127.3865354638855 120000 60000
36.39459204673954 127.3865354638855 36.38594970445563 127.3647651902682 390000 30000
36.38594970445563 127.3647651902682 36.38595568159335 127.34771347071076 120000 60000
36.38595568159335 127.34771347071076 36.367463172981644 127.35840580169233 300000 90000
36.367463172981644 127.35840580169233 36.36772984709228 127.3579535073618 90000 30000
36.36772984709228 127.3579535073618 36.36766994146819 127.35775112221991 60000 30000
36.36766994146819 127.35775112221991 36.36765151309327 127.35777564033901 30000 60000
36.36765151309327 127.35777564033901 36.36746260883574 127.35838106377116 90000 240000
36.36746260883574 127.35838106377116 36.37363332750678 127.34774418718622 210000 30000
36.37363332750678 127.34774418718622 36.369343592212715 127.34568482510642 90000 360000
36.369343592212715 127.34568482510642 36.36890638843915 127.34560306118763 90000 30000
36.36890638843915 127.34560306118763 36.3690539559727 127.34565381276883 90000 30000
36.3690539559727 127.34565381276883 36.36947245646339 127.34631778996071 210000 30000
36.36947245646339 127.34631778996071 36.36948438391441 127.34619393467462 60000 30000
36.36948438391441 127.34619393467462 36.36936583518999 127.34622614910387 120000 30000
36.36936583518999 127.34622614910387 36.36927275320038 127.34635588658804 30000 60000
36.36927275320038 127.34635588658804 36.3692676759427 127.3464187212608 30000 30000
36.3692676759427 127.3464187212608 36.36927235018977 127.34619014150073 30000 30000
36.36927235018977 127.34619014150073 36.36913115560189 127.3463298290877 60000 30000
36.36913115560189 127.3463298290877 36.36908457423971 127.3463128423441 240000 30000
36.36908457423971 127.3463128423441 36.369293787316884 127.34634021912244 30000 30000
36.369293787316884 127.34634021912244 36.36894942385949 127.34646341471498 330000 30000
36.36894942385949 127.34646341471498 36.369353746682215 127.34635341272002 90000 30000
36.369353746682215 127.34635341272002 36.36920247818067 127.346336590845 510000 30000
36.36920247818067 127.346336590845 36.369089651431295 127.34669463321167 210000 30000
36.369089651431295 127.34669463321167 36.369187407766816 127.346107846145 120000 30000
36.369187407766816 127.346107846145 36.36935189303787 127.34663938487944 300000 30000
36.36935189303787 127.34663938487944 36.36928476114092 127.34640371351267 90000 30000
36.36928476114092 127.34640371351267 36.36918370064856 127.3460590297278 240000 30000
36.36918370064856 127.3460590297278 36.369146548298204 127.34657193241591 750000 30000
36.369146548298204 127.34657193241591 36.369026951917206 127.34630904913999 300000 30000
36.369026951917206 127.34630904913999 36.36910456062552 127.34581032961952 480000 30000
36.36910456062552 127.34581032961952 36.36906229900711 127.345515253842 120000 30000
36.36906229900711 127.345515253842 36.368885354387636 127.34550423716728 30000 120000
36.368885354387636 127.34550423716728 36.36908285493496 127.34556564260397 90000 60000
36.36908285493496 127.34556564260397 36.36913099438217 127.34568795861682 30000 60000
36.36913099438217 127.34568795861682 36.369136071571816 127.34584158206745 30000 30000
36.369136071571816 127.34584158206745 36.369129946686414 127.3458116489559 60000 30000
36.369129946686414 127.3458116489559 36.36919123576521 127.34594193613319 90000 30000
36.36919123576521 127.34594193613319 36.36912221001387 127.34556322373238 90000 30000
36.36912221001387 127.34556322373238 36.369163633509295 127.34554530237557 60000 60000
36.369163633509295 127.34554530237557 36.369136071638984 127.3455317239421 90000 30000
36.369136071638984 127.3455317239421 36.36915033616329 127.3456256186681 30000 60000
36.36915033616329 127.3456256186681 36.36918402291866 127.3458922950966 90000 30000
36.36918402291866 127.3458922950966 36.36912515151236 127.34610421791251 60000 30000
36.36912515151236 127.34610421791251 36.36920731365696 127.34592264043224 30000 30000
36.36920731365696 127.34592264043224 36.36920509736732 127.34583028498164 30000 30000
36.36920509736732 127.34583028498164 36.369162182869545 127.34590400442376 30000 30000
36.369162182869545 127.34590400442376 36.369175440087304 127.34616804211296 90000 30000
36.369175440087304 127.34616804211296 36.36918357969009 127.3461550133963 30000 30000
36.36918357969009 127.3461550133963 36.36918450648156 127.34606010167549 60000 30000
36.36918450648156 127.34606010167549 36.36920457348728 127.34582913055256 30000 30000
36.36920457348728 127.34582913055256 36.36922265265435 127.34562336472503 120000 30000
36.36922265265435 127.34562336472503 36.36925135632153 127.34537164108741 30000 60000
36.36925135632153 127.34537164108741 36.36926070485602 127.34527549244783 60000 30000
36.36926070485602 127.34527549244783 36.36927029520106 127.34512277610497 30000 30000
36.36927029520106 127.34512277610497 36.36917180003661 127.34589999134666 120000 30000
36.36917180003661 127.34589999134666 36.36914590359334 127.34607717097656 30000 60000
36.36914590359334 127.34607717097656 36.36912374121506 127.34625421309522 30000 30000
36.36912374121506 127.34625421309522 36.36915049727148 127.3460211804182 60000 30000
36.36915049727148 127.3460211804182 36.36916124804274 127.34595684499769 120000 30000
36.36916124804274 127.34595684499769 36.36918357977499 127.34583374828581 30000 120000
36.36918357977499 127.34583374828581 36.36922891192088 127.3457897145731 60000 30000
36.36922891192088 127.3457897145731 36.369186319766534 127.3462275784413 150000 30000
36.369186319766534 127.3462275784413 36.36917342528423 127.3459933088722 30000 30000
36.36917342528423 127.3459933088722 36.369199012808465 127.34610619695194 240000 30000
36.369199012808465 127.34610619695194 36.36924285400449 127.34571244930747 60000 30000
36.36924285400449 127.34571244930747 36.36918657493921 127.34617667296017 60000 30000
36.36918657493921 127.34617667296017 36.36915968460738 127.34651998248495 150000 60000
36.36915968460738 127.34651998248495 36.36914171293205 127.34690556651704 210000 30000
36.36914171293205 127.34690556651704 36.369131679371925 127.34618915196538 90000 30000
36.369131679371925 127.34618915196538 36.36928411643509 127.34609127161784 90000 30000
36.36928411643509 127.34609127161784 36.36924914009484 127.34671458858018 30000 30000
36.36924914009484 127.34671458858018 36.36934204754202 127.34621996118918 90000 30000
36.36934204754202 127.34621996118918 36.369337467293846 127.34623285588795 60000 30000
36.369337467293846 127.34623285588795 36.36886552912698 127.34632471657034 120000 1020000
36.36886552912698 127.34632471657034 36.3688320033998 127.34637980007713 60000 30000
36.3688320033998 127.34637980007713 36.36890888687586 127.34624341081596 30000 30000
36.36890888687586 127.34624341081596 36.36897597848072 127.3461536940359 90000 30000
36.36897597848072 127.3461536940359 36.36905498660349 127.34633711239033 60000 90000
36.36905498660349 127.34633711239033 36.36882968153017 127.34663954534098 60000 30000
36.36882968153017 127.34663954534098 36.369003580730755 127.34644791215491 120000 30000
36.369003580730755 127.34644791215491 36.36909464807577 127.34605935955793 180000 30000
36.36909464807577 127.34605935955793 36.36910818722903 127.34598118720098 30000 30000
36.36910818722903 127.34598118720098 36.36910673658569 127.34577305757188 30000 30000
36.36910673658569 127.34577305757188 36.36902042415625 127.34640932080336 30000 30000
36.36902042415625 127.34640932080336 36.36904049116534 127.34624835840384 60000 30000
36.36904049116534 127.34624835840384 36.368741983802735 127.34515114242973 240000 30000
36.368741983802735 127.34515114242973 36.368822010143916 127.34576349214296 90000 30000
36.368822010143916 127.34576349214296 36.368698464923646 127.34516598528401 150000 30000
36.368698464923646 127.34516598528401 36.369169033112634 127.34595001727247 210000 30000
36.369169033112634 127.34595001727247 36.369031062107084 127.34616358925135 480000 30000
36.369031062107084 127.34616358925135 36.36904427895607 127.3459412764551 60000 30000
36.36904427895607 127.3459412764551 36.369121565248406 127.34605127845073 150000 60000
36.369121565248406 127.34605127845073 36.36921118193882 127.3464935952073 390000 30000
36.36921118193882 127.3464935952073 36.36929902567529 127.34610685662288 630000 30000
36.36929902567529 127.34610685662288 36.36919111495284 127.34599157720248 30000 30000
36.36919111495284 127.34599157720248 36.36931119489863 127.34605935956179 270000 30000
36.36931119489863 127.34605935956179 36.369235762032154 127.34625000757222 120000 30000
36.369235762032154 127.34625000757222 36.369368011170394 127.34601169748329 90000 30000
36.369368011170394 127.34601169748329 36.36945899788925 127.34615616782044 330000 30000
36.36945899788925 127.34615616782044 36.3695017915593 127.34634961960401 30000 30000
36.3695017915593 127.34634961960401 36.36952991762493 127.34637666654858 240000 30000
36.36952991762493 127.34637666654858 36.36939984448834 127.34607651125151 30000 60000
36.36939984448834 127.34607651125151 36.36934335051528 127.34596436534926 120000 30000
36.36934335051528 127.34596436534926 36.36953104580443 127.3462275784043 30000 30000
36.36953104580443 127.3462275784043 36.36964733805655 127.34647347487493 90000 30000
36.36964733805655 127.34647347487493 36.36919208200047 127.34575475141392 90000 30000
36.36919208200047 127.34575475141392 36.369408951174464 127.34602670527778 60000 30000
36.369408951174464 127.34602670527778 36.36962735158784 127.34625726408959 30000 30000
36.36962735158784 127.34625726408959 36.36937284660459 127.34607304793411 30000 30000
36.36937284660459 127.34607304793411 36.369478259031325 127.34640849620024 90000 30000
36.369478259031325 127.34640849620024 36.36951299355276 127.34615649768185 180000 30000
36.36951299355276 127.34615649768185 36.36958205961987 127.34628447597137 30000 30000
36.36958205961987 127.34628447597137 36.3694322418348 127.34605177320886 90000 30000
36.3694322418348 127.34605177320886 36.36939621784997 127.34589410921447 30000 90000
36.36939621784997 127.34589410921447 36.36954297326035 127.34631086327808 90000 30000
36.36954297326035 127.34631086327808 36.369636135978425 127.34645797231839 30000 30000
36.369636135978425 127.34645797231839 36.36955030699231 127.34624225632876 60000 30000
36.36955030699231 127.34624225632876 36.3695932080191 127.34631212765923 30000 30000
36.3695932080191 127.34631212765923 36.369639843099755 127.34647974183213 30000 60000
36.369639843099755 127.34647974183213 36.3695067074825 127.34621405499125 90000 90000
36.3695067074825 127.34621405499125 36.36955506185083 127.3463793052602 30000 30000
36.36955506185083 127.3463793052602 36.36953966903677 127.34640107478336 150000 30000
36.36953966903677 127.34640107478336 36.36968988984921 127.34677544426202 90000 30000
36.36968988984921 127.34677544426202 36.36964290558846 127.34673113564283 30000 30000
36.36964290558846 127.34673113564283 36.36954385975835 127.34678847302764 120000 60000
36.36954385975835 127.34678847302764 36.369582462648104 127.34663674608437 60000 30000
36.369582462648104 127.34663674608437 36.369535881307634 127.34656253191848 30000 30000
36.369535881307634 127.34656253191848 36.36946141569281 127.3473184524359 300000 30000
36.36946141569281 127.3473184524359 36.36941335681248 127.34702186291271 90000 300000
36.36941335681248 127.34702186291271 36.36941402840541 127.34703272017228 30000 150000
36.36941402840541 127.34703272017228 36.36948575399175 127.34591060126607 210000 300000
36.36948575399175 127.34591060126607 36.36953346360709 127.34608332798093 60000 30000
36.36953346360709 127.34608332798093 36.36934305496018 127.34604264759325 60000 60000
36.36934305496018 127.34604264759325 36.369429743538035 127.3461078461732 420000 60000
36.369429743538035 127.3461078461732 36.36944553927427 127.34614957103724 30000 30000
