36.37084209293208 127.34588858434175 36.37086704016429 127.34586920621012 30000 90000
36.37086704016429 127.34586920621012 36.370819554345395 127.34577943450012 90000 240000
36.370819554345395 127.34577943450012 36.37124415911059 127.3464637445615 150000 150000
36.37124415911059 127.3464637445615 36.37087336199197 127.34595578947403 90000 30000
36.37087336199197 127.34595578947403 36.370916437684016 127.34624736887935 90000 30000
36.370916437684016 127.34624736887935 36.37087997052784 127.34595834577314 30000 30000
36.37087997052784 127.34595834577314 36.37073001835616 127.34539780849877 120000 30000
36.37073001835616 127.34539780849877 36.37084132719397 127.34587374154691 30000 60000
36.37084132719397 127.34587374154691 36.37090108522901 127.34596980773239 90000 30000
36.37090108522901 127.34596980773239 36.3710036767854 127.34598836128312 30000 30000
36.3710036767854 127.34598836128312 36.37098925133354 127.34618321475911 60000 30000
36.37098925133354 127.34618321475911 36.370589320638075 127.34451834252638 150000 30000
36.370589320638075 127.34451834252638 36.37069884322623 127.3451482563366 30000 30000
36.37069884322623 127.3451482563366 36.37095859997425 127.34611328852816 120000 30000
36.37095859997425 127.34611328852816 36.37109494573426 127.34610999013138 60000 60000
36.37109494573426 127.34610999013138 36.37090567892848 127.34575928670367 60000 30000
36.37090567892848 127.34575928670367 36.37094222672779 127.34648881245657 300000 30000
36.37094222672779 127.34648881245657 36.37091945976577 127.34619038877902 150000 30000
36.37091945976577 127.34619038877902 36.37093138721929 127.34625635704452 30000 30000
36.37093138721929 127.34625635704452 36.370996558107464 127.3461373669165 30000 30000
36.370996558107464 127.3461373669165 36.37098409350105 127.34619706812852 60000 60000
36.37098409350105 127.34619706812852 36.3710654897524 127.34609762103221 30000 30000
36.3710654897524 127.34609762103221 36.37096322040742 127.34616573323157 30000 30000
36.37096322040742 127.34616573323157 36.3710134082429 127.34610895938452 30000 90000
36.3710134082429 127.34610895938452 36.37097889535056 127.34624918295896 60000 90000
36.37097889535056 127.34624918295896 36.37109293082892 127.34609621923428 30000 30000
36.37109293082892 127.34609621923428 36.37092886883416 127.34621335403901 60000 30000
36.37092886883416 127.34621335403901 36.3708559812007 127.34630245229603 30000 90000
36.3708559812007 127.34630245229603 36.37100037276487 127.34611502021158 30000 60000
36.37100037276487 127.34611502021158 36.37088355674386 127.34626715927347 180000 90000
36.37088355674386 127.34626715927347 36.37090652509424 127.3461437164172 30000 30000
36.37090652509424 127.3461437164172 36.37081042078381 127.3463464036011 30000 30000
36.37081042078381 127.3463464036011 36.37082387940707 127.34630311198845 90000 30000
36.37082387940707 127.34630311198845 36.370955645003825 127.34611999528964 120000 30000
36.370955645003825 127.34611999528964 36.370818721632915 127.34617917426506 30000 60000
36.370818721632915 127.34617917426506 36.37088985089056 127.34606473593699 30000 30000
36.37088985089056 127.34606473593699 36.370858372250055 127.3461346292634 30000 120000
36.370858372250055 127.3461346292634 36.37088167292735 127.34619719182945 30000 120000
36.37088167292735 127.34619719182945 36.37369830348129 127.3600089934802 450000 210000
36.37369830348129 127.3600089934802 36.373875722847494 127.36020324539882 60000 2700000
36.373875722847494 127.36020324539882 36.371439660530555 127.34641771194931 330000 90000
36.371439660530555 127.34641771194931 36.37212317653848 127.3549256332492 210000 270000
36.37212317653848 127.3549256332492 36.37202740108635 127.35534594942068 180000 30000
36.37202740108635 127.35534594942068 36.372459683417475 127.35535698032095 30000 150000
36.372459683417475 127.35535698032095 36.372113994391384 127.35565257514752 60000 30000
36.372113994391384 127.35565257514752 36.372637694865126 127.35536849409553 60000 60000
36.372637694865126 127.35536849409553 36.37233053991789 127.35550723351861 150000 30000
36.37233053991789 127.35550723351861 36.372369851948676 127.35521024470796 390000 30000
36.372369851948676 127.35521024470796 36.37229836005996 127.3552291940288 30000 90000
36.37229836005996 127.3552291940288 36.37213434597598 127.35524054870713 60000 30000
36.37213434597598 127.35524054870713 36.372170644114235 127.35514392185823 420000 30000
36.372170644114235 127.35514392185823 36.37274196334171 127.35553098707214 60000 30000
36.37274196334171 127.35553098707214 36.37232458422356 127.35520330989618 420000 30000
36.37232458422356 127.35520330989618 36.37256756062047 127.35638411573996 150000 30000
36.37256756062047 127.35638411573996 36.37270446011524 127.35511003075068 30000 30000
36.37270446011524 127.35511003075068 36.37293329238562 127.35507587671887 150000 330000
36.37293329238562 127.35507587671887 36.37293652875117 127.35495751419725 30000 30000
36.37293652875117 127.35495751419725 36.372939935451754 127.35483292206925 30000 30000
36.372939935451754 127.35483292206925 36.372919767740534 127.35470365252938 30000 30000
36.372919767740534 127.35470365252938 36.37116840195461 127.36164461702518 1770000 60000
36.37116840195461 127.36164461702518 36.36809939504389 127.36617001073029 600000 10860000
36.36809939504389 127.36617001073029 36.368148031443894 127.3669937609285 60000 30000
36.368148031443894 127.3669937609285 36.36823418279786 127.36644996303316 60000 60000
36.36823418279786 127.36644996303316 36.36815842760822 127.3669916444196 90000 30000
36.36815842760822 127.3669916444196 36.36819334347866 127.36698517131165 30000 30000
36.36819334347866 127.36698517131165 36.36822975026395 127.36584206625777 30000 90000
36.36822975026395 127.36584206625777 36.368243252240696 127.3671415811259 330000 30000
36.368243252240696 127.3671415811259 36.36792011186513 127.36628678165366 390000 30000
36.36792011186513 127.36628678165366 36.367960087379686 127.36642317402024 30000 30000
36.367960087379686 127.36642317402024 36.36800039882293 127.36656071254117 30000 30000
36.36800039882293 127.36656071254117 36.3678277432101 127.36711988188628 90000 30000
36.3678277432101 127.36711988188628 36.3679229238639 127.36697390898124 30000 30000
36.3679229238639 127.36697390898124 36.36802675730442 127.3668146658121 30000 30000
36.36802675730442 127.3668146658121 36.36813059074494 127.36665542264296 30000 30000
36.36813059074494 127.36665542264296 36.368264354614546 127.36639488661949 60000 30000
36.368264354614546 127.36639488661949 36.368166808472466 127.36630336695731 30000 60000
36.368166808472466 127.36630336695731 36.36806704537261 127.3662097673028 30000 60000
36.36806704537261 127.3662097673028 36.36798027518171 127.36614207337196 30000 60000
36.36798027518171 127.36614207337196 36.368018889936394 127.36618918427908 210000 30000
36.368018889936394 127.36618918427908 36.372027724910836 127.35507171963816 1260000 120000
36.372027724910836 127.35507171963816 36.37188794860048 127.35394465311927 60000 30000
36.37188794860048 127.35394465311927 36.370244102910696 127.34926915740346 360000 30000
36.370244102910696 127.34926915740346 36.367511164676266 127.34911624315379 300000 30000
36.367511164676266 127.34911624315379 36.36747403141277 127.34925463469354 120000 30000
36.36747403141277 127.34925463469354 36.36740119383254 127.3482549439786 90000 30000
36.36740119383254 127.3482549439786 36.3674668028898 127.34816618330996 30000 60000
36.3674668028898 127.34816618330996 36.367534415277056 127.34807471239186 30000 60000
36.367534415277056 127.34807471239186 36.36760095907681 127.34800508243018 30000 60000
36.36760095907681 127.34800508243018 36.36766302875549 127.34807894480726 30000 30000
36.36766302875549 127.34807894480726 36.36740880770968 127.34853298806156 90000 60000
36.36740880770968 127.34853298806156 36.36748981846019 127.34862221510137 30000 60000
36.36748981846019 127.34862221510137 36.367557958343795 127.34869726588252 30000 30000
36.367557958343795 127.34869726588252 36.36755044292695 127.34830374407498 270000 30000
36.36755044292695 127.34830374407498 36.367427995232006 127.34821520004584 30000 240000
36.367427995232006 127.34821520004584 36.36741834449146 127.34812432890293 30000 30000
36.36741834449146 127.34812432890293 36.367402407726914 127.34804310557594 30000 90000
36.367402407726914 127.34804310557594 36.367385443399755 127.34812886418692 60000 30000
36.367385443399755 127.34812886418692 36.36753766700203 127.34881247708832 30000 30000
36.36753766700203 127.34881247708832 36.36745947341504 127.34870943213367 30000 60000
36.36745947341504 127.34870943213367 36.367390815631325 127.3486189536369 30000 30000
36.367390815631325 127.3486189536369 36.36736580618365 127.34832260176825 150000 30000
36.36736580618365 127.34832260176825 36.3674145607342 127.348279557552 30000 60000
36.3674145607342 127.348279557552 36.36739543259655 127.34817418431746 30000 60000
36.36739543259655 127.34817418431746 36.36740009880915 127.34833132887734 30000 30000
36.36740009880915 127.34833132887734 36.36738976305317 127.34828762493201 30000 30000
36.36738976305317 127.34828762493201 36.36741139757555 127.34839186290357 30000 30000
36.36741139757555 127.34839186290357 36.367441046849486 127.34829223449545 30000 30000
36.367441046849486 127.34829223449545 36.36737100362619 127.34822937616333 30000 30000
36.36737100362619 127.34822937616333 36.36738579207508 127.3483389514638 30000 90000
36.36738579207508 127.3483389514638 36.367420878263204 127.34847443736513 30000 30000
36.367420878263204 127.34847443736513 36.367455964451324 127.34860992326645 30000 30000
36.367455964451324 127.34860992326645 36.36749105063944 127.34874540916778 30000 30000
36.36749105063944 127.34874540916778 36.36739840203026 127.34828345877264 90000 30000
36.36739840203026 127.34828345877264 36.36742625226134 127.34825644821314 60000 30000
36.36742625226134 127.34825644821314 36.367404193864175 127.34838083721034 30000 30000
36.367404193864175 127.34838083721034 36.367403545728486 127.34825930680769 60000 90000
36.367403545728486 127.34825930680769 36.36746408993808 127.34848075068774 30000 540000
36.36746408993808 127.34848075068774 36.36756568416833 127.34948739665641 120000 30000
36.36756568416833 127.34948739665641 36.367241727853155 127.34834159993832 180000 1020000
36.367241727853155 127.34834159993832 36.367349465636465 127.34832104762474 30000 30000
36.367349465636465 127.34832104762474 36.36745902948391 127.34830014696686 30000 30000
36.36745902948391 127.34830014696686 36.36748678999014 127.34834183429672 90000 30000
36.36748678999014 127.34834183429672 36.36746881432714 127.34814477902898 90000 30000
36.36746881432714 127.34814477902898 36.367454791566686 127.34833806583313 30000 30000
36.367454791566686 127.34833806583313 36.36742037940486 127.34841652677858 90000 30000
36.36742037940486 127.34841652677858 36.36728860377353 127.34777776181568 30000 30000
36.36728860377353 127.34777776181568 36.36732068886724 127.3479111927634 30000 30000
36.36732068886724 127.3479111927634 36.36735735754576 127.34806368527512 30000 30000
36.36735735754576 127.34806368527512 36.36734163631539 127.34802074282533 90000 30000
36.36734163631539 127.34802074282533 36.367441276514555 127.34825009729639 90000 30000
36.367441276514555 127.34825009729639 36.36746180288481 127.34829436198399 30000 30000
36.36746180288481 127.34829436198399 36.36744063579822 127.34847443039229 30000 270000
36.36744063579822 127.34847443039229 36.367412707190844 127.34834641078687 30000 30000
36.367412707190844 127.34834641078687 36.367443399292696 127.34830815258299 30000 30000
36.367443399292696 127.34830815258299 36.36742237402409 127.34834129826743 30000 120000
36.36742237402409 127.34834129826743 36.367335530964375 127.3483920443167 60000 30000
36.367335530964375 127.3483920443167 36.367455734467704 127.34829203102191 30000 60000
36.367455734467704 127.34829203102191 36.36737619967229 127.3484553407655 30000 60000
36.36737619967229 127.3484553407655 36.36734463073914 127.34842885790022 60000 30000
36.36734463073914 127.34842885790022 36.36740126331705 127.34836499185332 30000 120000
36.36740126331705 127.34836499185332 36.3674427164219 127.34835455240814 30000 60000
36.3674427164219 127.34835455240814 36.36743046529619 127.3483984844273 30000 60000
36.36743046529619 127.3483984844273 36.367433096583845 127.34835947070782 60000 30000
36.367433096583845 127.34835947070782 36.36729768432667 127.34841417667376 30000 240000
36.36729768432667 127.34841417667376 36.36740248021398 127.34830584862664 30000 30000
36.36740248021398 127.34830584862664 36.3673700062452 127.34834781264007 30000 30000
36.3673700062452 127.34834781264007 36.36739744738524 127.34826156751465 30000 30000
36.36739744738524 127.34826156751465 36.36735176550534 127.34828564176804 30000 30000
36.36735176550534 127.34828564176804 36.3674162566732 127.34836709801277 30000 90000
36.3674162566732 127.34836709801277 36.367474257295264 127.34844035630567 30000 90000
36.367474257295264 127.34844035630567 36.3673685838492 127.34842506135193 30000 60000
36.3673685838492 127.34842506135193 36.36734514814647 127.34836964810604 30000 30000
36.36734514814647 127.34836964810604 36.36758748287865 127.34838217267952 90000 30000
36.36758748287865 127.34838217267952 36.36748176314763 127.34841162669085 30000 60000
36.36748176314763 127.34841162669085 36.36737281533321 127.34844198006131 30000 60000
36.36737281533321 127.34844198006131 36.367282449665296 127.34844726913744 30000 60000
36.367282449665296 127.34844726913744 36.36726661268126 127.34846439492456 30000 120000
36.36726661268126 127.34846439492456 36.367329682778646 127.34825533073843 30000 450000
36.367329682778646 127.34825533073843 36.36720162981719 127.34811651166449 30000 60000
36.36720162981719 127.34811651166449 36.36731885141349 127.34830795138402 60000 60000
36.36731885141349 127.34830795138402 36.36729552229806 127.34824781477762 90000 30000
36.36729552229806 127.34824781477762 36.36736681565379 127.34834737059937 30000 120000
36.36736681565379 127.34834737059937 36.36742912477211 127.34842397884279 30000 60000
36.36742912477211 127.34842397884279 36.36721018313956 127.34819557455236 30000 30000
36.36721018313956 127.34819557455236 36.36716510080754 127.34835365079664 60000 30000
36.36716510080754 127.34835365079664 36.36734145708244 127.348365310679 60000 30000
36.36734145708244 127.348365310679 36.367265321708686 127.34840541317509 60000 30000
36.367265321708686 127.34840541317509 36.3673436445913 127.34849521353499 30000 60000
