36.36757103001098 127.36639658391437 36.36777943716158 127.366349306533 90000 60000
36.36777943716158 127.366349306533 36.367965413277226 127.36643720925046 1170000 60000
36.367965413277226 127.36643720925046 36.3680236533524 127.36646205732104 360000 150000
36.3680236533524 127.36646205732104 36.368019005977146 127.36653951504755 30000 60000
36.368019005977146 127.36653951504755 36.36787313707736 127.36682152894103 90000 300000
36.36787313707736 127.36682152894103 36.37202032698532 127.3557223806127 780000 480000
36.37202032698532 127.3557223806127 36.37180998532801 127.35581968361264 1860000 2850000
36.37180998532801 127.35581968361264 36.371772108010134 127.35627321489777 330000 360000
36.371772108010134 127.35627321489777 36.37555192786928 127.35235550123912 1410000 360000
36.37555192786928 127.35235550123912 36.36818523742935 127.3663113748803 1290000 1800000
36.36818523742935 127.3663113748803 36.36803747933945 127.36711431548154 2100000 60000
36.36803747933945 127.36711431548154 36.36804721265136 127.36652302302136 90000 690000
36.36804721265136 127.36652302302136 36.36795211586162 127.36678854493645 1920000 870000
36.36795211586162 127.36678854493645 36.36813795767029 127.36642492804359 3660000 390000
36.36813795767029 127.36642492804359 36.36967433579381 127.3653652810053 1020000 270000
36.36967433579381 127.3653652810053 36.36772001508688 127.36676875445212 330000 240000
36.36772001508688 127.36676875445212 36.36807138982474 127.36657249885931 180000 240000
36.36807138982474 127.36657249885931 36.36756426039832 127.36689090546822 930000 240000
36.36756426039832 127.36689090546822 36.36802611180415 127.36626453173312 270000 60000
36.36802611180415 127.36626453173312 36.36823112030198 127.36623463202652 1320000 2250000
