36.36745076209526 127.3490130853088 36.36755206434117 127.36596592163647 1110000 7530000
36.36755206434117 127.36596592163647 36.367593027789006 127.3652043296442 480000 1830000
36.367593027789006 127.3652043296442 36.370020305756626 127.34809386806877 2280000 60000
36.370020305756626 127.34809386806877 36.36743206507704 127.34872447448038 660000 60000
36.36743206507704 127.34872447448038 36.36631316195662 127.35375730901357 450000 8970000
36.36631316195662 127.35375730901357 36.36636980100469 127.36819284278548 1980000 60000
36.36636980100469 127.36819284278548 36.36608104512439 127.36738968010594 2070000 600000
36.36608104512439 127.36738968010594 36.365353634772404 127.36780280573863 750000 840000
36.365353634772404 127.36780280573863 36.365288990431225 127.3700624693965 810000 300000
36.365288990431225 127.3700624693965 36.42500812757864 127.42429417348072 3540000 60000
36.42500812757864 127.42429417348072 36.36811211493758 127.36820512939398 6930000 4530000
36.36811211493758 127.36820512939398 36.36799668237837 127.36753167659595 1230000 150000
