36.36821806459193 127.36631687216746 36.37196498778001 127.35563453287739 7530000 210000
36.37196498778001 127.35563453287739 36.37199137470506 127.35575594182555 1740000 60000
36.37199137470506 127.35575594182555 36.37198623692393 127.3558074244461 90000 90000
36.37198623692393 127.3558074244461 36.37192348376631 127.35602616398751 5820000 60000
36.37192348376631 127.35602616398751 36.37199534371146 127.35387753877738 4950000 60000
36.37199534371146 127.35387753877738 36.371907043263796 127.35385614032369 240000 90000
36.371907043263796 127.35385614032369 36.37198578025298 127.35363580658263 1380000 60000
36.37198578025298 127.35363580658263 36.37200755705589 127.35395237166699 150000 60000
36.37200755705589 127.35395237166699 36.37197247555357 127.35415108828307 120000 60000
36.37197247555357 127.35415108828307 36.37208426198916 127.35408362060305 150000 60000
36.37208426198916 127.35408362060305 36.37209023905507 127.35457948152646 150000 60000
36.37209023905507 127.35457948152646 36.3720418174942 127.35459267518924 60000 90000
36.3720418174942 127.35459267518924 36.372042086004264 127.3542853733452 270000 60000
36.372042086004264 127.3542853733452 36.37178822582339 127.35371199974362 2880000 60000
36.37178822582339 127.35371199974362 36.36838936020108 127.3659901187487 3390000 210000
36.36838936020108 127.3659901187487 36.356689143524385 127.36831620332818 990000 2880000
36.356689143524385 127.36831620332818 36.368006917423585 127.36470724809536 750000 90000
36.368006917423585 127.36470724809536 36.3692206110858 127.36625750094431 720000 5910000
