36.37264651511793 127.35443121790142 36.37220367036003 127.35389258766335 360000 330000
36.37220367036003 127.35389258766335 36.372970328963675 127.3545778323553 630000 270000
36.372970328963675 127.3545778323553 36.373588670790205 127.35558679062532 240000 450000
36.373588670790205 127.35558679062532 36.36379019915138 127.36634734642732 1140000 210000
36.36379019915138 127.36634734642732 36.37483445718339 127.35693024257517 1080000 12960000
36.37483445718339 127.35693024257517 36.37470592598613 127.35735624785711 2970000 1530000
36.37470592598613 127.35735624785711 36.368983232874456 127.34541192487738 450000 450000
36.368983232874456 127.34541192487738 36.36950098560076 127.34478040118012 90000 1200000
36.36950098560076 127.34478040118012 36.36814533435932 127.34925938589704 1380000 4950000
36.36814533435932 127.34925938589704 36.36835689260757 127.36582655821185 840000 150000
36.36835689260757 127.36582655821185 36.36824764142699 127.3657650482456 60000 60000
36.36824764142699 127.3657650482456 36.36967758970045 127.3464596833861 690000 5460000
36.36967758970045 127.3464596833861 36.36964067586019 127.34642858898947 30000 90000
36.36964067586019 127.34642858898947 36.36917483565457 127.34546416155266 390000 60000
36.36917483565457 127.34546416155266 36.369002130153476 127.34482657891755 330000 900000
36.369002130153476 127.34482657891755 36.36941660729765 127.34487440583875 90000 420000
