36.372224933315316 127.35482018516272 36.37195099196229 127.35451961542516 90000 60000
36.37195099196229 127.35451961542516 36.37193570664182 127.35450361814094 30000 60000
36.37193570664182 127.35450361814094 36.368030691623005 127.3664982846993 960000 5460000
36.368030691623005 127.3664982846993 36.36808001305228 127.36661405901361 480000 30000
36.36808001305228 127.36661405901361 36.367963882032996 127.36628339342158 90000 30000
36.367963882032996 127.36628339342158 36.368274639208686 127.36637970695475 90000 30000
36.368274639208686 127.36637970695475 36.36794865041486 127.3665033974068 90000 30000
36.36794865041486 127.3665033974068 36.36803721944584 127.36689030088064 30000 30000
36.36803721944584 127.36689030088064 36.367804554561744 127.36664423942719 60000 30000
36.367804554561744 127.36664423942719 36.36802617853225 127.36645029292542 30000 30000
36.36802617853225 127.36645029292542 36.36810149958481 127.36631948848787 30000 30000
36.36810149958481 127.36631948848787 36.36821044247709 127.36618198858633 30000 30000
36.36821044247709 127.36618198858633 36.36831938536938 127.36604448868479 30000 30000
36.36831938536938 127.36604448868479 36.36842832826167 127.36590698878327 30000 30000
36.36842832826167 127.36590698878327 36.367762643056324 127.36702026352583 270000 30000
36.367762643056324 127.36702026352583 36.36790926007191 127.36639056819224 330000 30000
36.36790926007191 127.36639056819224 36.36850416295309 127.36618786272379 210000 30000
36.36850416295309 127.36618786272379 36.36816568080506 127.36648913183421 90000 300000
36.36816568080506 127.36648913183421 36.368118978584434 127.36641887542868 60000 30000
36.368118978584434 127.36641887542868 36.36829680159913 127.36654446263384 60000 30000
36.36829680159913 127.36654446263384 36.3682623354688 127.36660232889547 30000 30000
36.3682623354688 127.36660232889547 36.36804318314584 127.36640428009379 450000 30000
36.36804318314584 127.36640428009379 36.368405760024686 127.36579127075419 180000 300000
36.368405760024686 127.36579127075419 36.36813916648045 127.36629246402046 30000 30000
36.36813916648045 127.36629246402046 36.368066634963554 127.36633748739064 30000 30000
36.368066634963554 127.36633748739064 36.36814029471618 127.36627019964624 30000 30000
36.36814029471618 127.36627019964624 36.36827528388835 127.36624480206592 30000 30000
36.36827528388835 127.36624480206592 36.368208151984874 127.36627250863387 60000 30000
36.368208151984874 127.36627250863387 36.36823023380835 127.36625585168875 60000 30000
36.36823023380835 127.36625585168875 36.36816999238204 127.36633187997086 30000 30000
36.36816999238204 127.36633187997086 36.368132961022965 127.36635513389439 30000 90000
36.368132961022965 127.36635513389439 36.36815923354794 127.36627019964598 150000 30000
36.36815923354794 127.36627019964598 36.36825908527807 127.36623540152775 30000 30000
36.36825908527807 127.36623540152775 36.36828946785435 127.36616531034507 240000 30000
36.36828946785435 127.36616531034507 36.3682100861541 127.36645870381179 210000 30000
36.3682100861541 127.36645870381179 36.36827149617649 127.36623028886987 150000 30000
36.36827149617649 127.36623028886987 36.368144163104844 127.36616943334735 120000 30000
36.368144163104844 127.36616943334735 36.36816173186702 127.36611698860645 60000 30000
36.36816173186702 127.36611698860645 36.36819267863805 127.36618658513167 90000 30000
36.36819267863805 127.36618658513167 36.36842171695828 127.36593722539774 60000 30000
36.36842171695828 127.36593722539774 36.368296542931624 127.36628624904267 90000 30000
36.368296542931624 127.36628624904267 36.367947684864255 127.36658496742149 30000 540000
36.367947684864255 127.36658496742149 36.36854563831018 127.36591886413163 390000 30000
36.36854563831018 127.36591886413163 36.36820577457636 127.3664236584431 90000 30000
36.36820577457636 127.3664236584431 36.368095446152395 127.36639215845008 30000 30000
36.368095446152395 127.36639215845008 36.37448962105253 127.35619735149488 1020000 30000
36.37448962105253 127.35619735149488 36.37326964102852 127.3566568200068 360000 4380000
36.37326964102852 127.3566568200068 36.37220608788644 127.35482537804857 180000 30000
36.37220608788644 127.35482537804857 36.37227148707374 127.35490231340277 210000 30000
36.37227148707374 127.35490231340277 36.37226725627133 127.35496011807395 390000 30000
36.37226725627133 127.35496011807395 36.372031528793414 127.35497413627405 90000 60000
36.372031528793414 127.35497413627405 36.37216708212736 127.35498386659177 60000 30000
36.37216708212736 127.35498386659177 36.37222776680824 127.35502262292405 30000 30000
36.37222776680824 127.35502262292405 36.37211856654412 127.35478249872682 60000 30000
36.37211856654412 127.35478249872682 36.37197471249409 127.35577422055559 120000 30000
36.37197471249409 127.35577422055559 36.372210198283874 127.35562499492654 30000 30000
36.372210198283874 127.35562499492654 36.371883161505906 127.35584673063347 60000 30000
36.371883161505906 127.35584673063347 36.37192284027863 127.35582957586205 30000 30000
36.37192284027863 127.35582957586205 36.37270955602302 127.35690100129983 150000 4200000
36.37270955602302 127.35690100129983 36.37211316705191 127.35628717816961 150000 1020000
36.37211316705191 127.35628717816961 36.372116809783776 127.35637803838014 30000 60000
36.372116809783776 127.35637803838014 36.37217828452209 127.35550633456735 150000 120000
36.37217828452209 127.35550633456735 36.37184866894051 127.35334257790474 150000 390000
36.37184866894051 127.35334257790474 36.37233724402913 127.35567304820461 150000 750000
36.37233724402913 127.35567304820461 36.37212305544516 127.35514523375105 30000 30000
36.37212305544516 127.35514523375105 36.37212740410858 127.35434874438805 270000 30000
36.37212740410858 127.35434874438805 36.37204756633217 127.35349232569843 240000 30000
36.37204756633217 127.35349232569843 36.37204396265596 127.35345149293914 30000 30000
36.37204396265596 127.35345149293914 36.372128277925015 127.35418796041571 60000 450000
36.372128277925015 127.35418796041571 36.37225484540935 127.3544788800718 60000 30000
36.37225484540935 127.3544788800718 36.372298271150214 127.35448813431611 60000 630000
36.372298271150214 127.35448813431611 36.3723746982964 127.35441389106504 30000 30000
36.3723746982964 127.35441389106504 36.372453085112994 127.35433774414085 30000 30000
36.372453085112994 127.35433774414085 36.37253147192959 127.35426159721668 30000 30000
36.37253147192959 127.35426159721668 36.37247938285309 127.35441053720393 60000 30000
36.37247938285309 127.35441053720393 36.372334629653785 127.3539643281063 120000 30000
36.372334629653785 127.3539643281063 36.368281224605965 127.36630367848939 870000 4860000
36.368281224605965 127.36630367848939 36.368226392326754 127.36633556332488 90000 1020000
36.368226392326754 127.36633556332488 36.368107754093266 127.36632709732666 30000 60000
36.368107754093266 127.36632709732666 36.36811410286457 127.36633996112526 120000 30000
36.36811410286457 127.36633996112526 36.36806005976498 127.36641732808364 30000 30000
36.36806005976498 127.36641732808364 36.36796444618085 127.36657489044065 30000 60000
36.36796444618085 127.36657489044065 36.36829047526581 127.36623177343125 60000 30000
36.36829047526581 127.36623177343125 36.36812495569276 127.36639916760323 270000 30000
36.36812495569276 127.36639916760323 36.368023720591644 127.36646134256135 30000 60000
36.368023720591644 127.36646134256135 36.36822213446459 127.36642951291901 90000 30000
36.36822213446459 127.36642951291901 36.36815177891526 127.36635645324733 30000 30000
36.36815177891526 127.36635645324733 36.36817160419844 127.366471732617 420000 30000
36.36817160419844 127.366471732617 36.36871208472057 127.36614675680931 90000 30000
36.36871208472057 127.36614675680931 36.36821226210429 127.3666038339863 90000 30000
36.36821226210429 127.3666038339863 36.36810733325593 127.36675209745658 30000 60000
36.36810733325593 127.36675209745658 36.368186741782374 127.36670454537978 30000 30000
