36.37075116661687 127.3459918658135 36.37099631898897 127.3459942984045 90000 90000
36.37099631898897 127.3459942984045 36.371000265275846 127.34608437245224 60000 270000
36.371000265275846 127.34608437245224 36.37093310650733 127.34612312877623 30000 60000
36.37093310650733 127.34612312877623 36.37099483213753 127.34607119256631 30000 60000
36.37099483213753 127.34607119256631 36.37099826844249 127.34605646423795 60000 90000
36.37099826844249 127.34605646423795 36.371052917735575 127.34607469713707 90000 240000
36.371052917735575 127.34607469713707 36.37100316659183 127.3460880557072 30000 150000
36.37100316659183 127.3460880557072 36.370857996012724 127.34620723824224 990000 60000
36.370857996012724 127.34620723824224 36.37082189147484 127.34637100421988 240000 60000
36.37082189147484 127.34637100421988 36.3709259070431 127.34609129911708 720000 60000
36.3709259070431 127.34609129911708 36.37100320951459 127.34603323611199 30000 60000
36.37100320951459 127.34603323611199 36.37079422216261 127.3460679903693 210000 120000
36.37079422216261 127.3460679903693 36.370998599728644 127.3460067086763 60000 60000
36.370998599728644 127.3460067086763 36.370920883567415 127.34601081796154 90000 90000
36.370920883567415 127.34601081796154 36.37095467779088 127.34604457165882 60000 60000
36.37095467779088 127.34604457165882 36.37109686646554 127.34598750914371 510000 60000
36.37109686646554 127.34598750914371 36.37089882863459 127.34592918231276 270000 60000
36.37089882863459 127.34592918231276 36.37087382545699 127.3457462992384 840000 60000
36.37087382545699 127.3457462992384 36.37094683371173 127.34582418290076 60000 90000
36.37094683371173 127.34582418290076 36.37087097114223 127.34582022479889 30000 60000
36.37087097114223 127.34582022479889 36.37090370430327 127.34582907553012 30000 60000
36.37090370430327 127.34582907553012 36.371106792516414 127.34585386857731 150000 150000
36.371106792516414 127.34585386857731 36.370935148094844 127.34577729054388 60000 90000
36.370935148094844 127.34577729054388 36.37084528068299 127.34572268353344 420000 150000
36.37084528068299 127.34572268353344 36.370728218540286 127.3455782864959 90000 240000
36.370728218540286 127.3455782864959 36.36849592863903 127.36735417435166 3000000 60000
36.36849592863903 127.36735417435166 36.367703655261785 127.35767553384247 690000 1350000
36.367703655261785 127.35767553384247 36.36202655608179 127.37059109991327 1230000 19230000
36.36202655608179 127.37059109991327 36.3620398374179 127.37038563106785 30000 60000
36.3620398374179 127.37038563106785 36.361971467087244 127.3705552916228 60000 60000
36.361971467087244 127.3705552916228 36.362034173241916 127.37045751712397 90000 90000
36.362034173241916 127.37045751712397 36.36205469294164 127.37047713172797 60000 150000
36.36205469294164 127.37047713172797 36.36215422726293 127.36824601789293 300000 90000
36.36215422726293 127.36824601789293 36.358072499056824 127.36759878812286 420000 390000
36.358072499056824 127.36759878812286 36.357919817593874 127.36836562449152 2670000 60000
