36.36944120756566 127.34665793839807 36.36938939990283 127.34667114854797 300000 90000
36.36938939990283 127.34667114854797 36.36950499495413 127.34658850684396 660000 120000
36.36950499495413 127.34658850684396 36.369452443247845 127.34664097914231 30000 90000
36.369452443247845 127.34664097914231 36.36936493526932 127.3466999106764 30000 60000
36.36936493526932 127.3466999106764 36.369468614949604 127.34666544232125 30000 150000
36.369468614949604 127.34666544232125 36.36956771456818 127.34664598170359 1110000 60000
36.36956771456818 127.34664598170359 36.36933964328278 127.34668924583589 630000 60000
36.36933964328278 127.34668924583589 36.3694000055801 127.34665032460094 240000 60000
36.3694000055801 127.34665032460094 36.36943420288478 127.3466174504464 210000 60000
36.36943420288478 127.3466174504464 36.36948698296046 127.34661526524323 1230000 150000
36.36948698296046 127.34661526524323 36.36946968959413 127.34665450255982 90000 90000
36.36946968959413 127.34665450255982 36.36936080180972 127.34649458533978 1200000 60000
36.36936080180972 127.34649458533978 36.36824796373751 127.34478386448318 540000 8700000
36.36824796373751 127.34478386448318 36.37207999070991 127.35441249952483 3480000 7290000
36.37207999070991 127.35441249952483 36.37223429498279 127.3542044523774 660000 60000
36.37223429498279 127.3542044523774 36.37315262534911 127.35544036657133 2340000 300000
36.37315262534911 127.35544036657133 36.372071663789576 127.35399791584302 690000 600000
36.372071663789576 127.35399791584302 36.37227338646499 127.35405315429229 600000 60000
36.37227338646499 127.35405315429229 36.372094281768575 127.35441971412955 900000 60000
36.372094281768575 127.35441971412955 36.37228886251001 127.35419571435673 720000 60000
36.37228886251001 127.35419571435673 36.3722244480828 127.35426307401394 30000 120000
36.3722244480828 127.35426307401394 36.37216177981719 127.35431620465114 30000 60000
36.37216177981719 127.35431620465114 36.37253210983582 127.35404944970553 150000 60000
36.37253210983582 127.35404944970553 36.37190637193248 127.35475809049284 300000 510000
36.37190637193248 127.35475809049284 36.372558027227214 127.3535835268929 570000 930000
36.372558027227214 127.3535835268929 36.37210894938412 127.35414932447543 450000 540000
36.37210894938412 127.35414932447543 36.369385316678276 127.3465497231191 3990000 60000
36.369385316678276 127.3465497231191 36.36955541102092 127.34670718917471 510000 60000
36.36955541102092 127.34670718917471 36.369395350712104 127.3465552556274 90000 60000
36.369395350712104 127.3465552556274 36.36943988716345 127.34651269292637 90000 270000
36.36943988716345 127.34651269292637 36.36942459114551 127.34658260824396 210000 60000
36.36942459114551 127.34658260824396 36.372347709844014 127.34962489739648 3660000 60000
36.372347709844014 127.34962489739648 36.37269716040848 127.3495752250707 810000 60000
36.37269716040848 127.3495752250707 36.37272523624787 127.3496101964608 1020000 90000
36.37272523624787 127.3496101964608 36.37267585291121 127.3496218618755 90000 60000
36.37267585291121 127.3496218618755 36.372636425150404 127.34964064078655 30000 150000
36.372636425150404 127.34964064078655 36.372645741724476 127.3495904609872 120000 60000
36.372645741724476 127.3495904609872 36.37274064917791 127.34956023378297 420000 60000
36.37274064917791 127.34956023378297 36.37267437298882 127.34958829503758 240000 90000
36.37267437298882 127.34958829503758 36.37271913299458 127.34949189351978 540000 60000
36.37271913299458 127.34949189351978 36.37289699055696 127.35383684460136 1200000 150000
36.37289699055696 127.35383684460136 36.36974678673831 127.34650497462313 720000 300000
36.36974678673831 127.34650497462313 36.370172069211456 127.34803154215835 450000 240000
36.370172069211456 127.34803154215835 36.3702657952795 127.35005871426013 2580000 360000
36.3702657952795 127.35005871426013 36.37025855282833 127.35009376807425 510000 60000
36.37025855282833 127.35009376807425 36.37021316961881 127.35008656380471 150000 90000
36.37021316961881 127.35008656380471 36.37029729004058 127.34893937694892 480000 60000
36.37029729004058 127.34893937694892 36.37025520560855 127.34875464397557 840000 60000
36.37025520560855 127.34875464397557 36.3697237881991 127.34676864714336 2550000 60000
36.3697237881991 127.34676864714336 36.369714749322 127.34679074888986 630000 1020000
36.369714749322 127.34679074888986 36.369629017127174 127.34676541711592 120000 60000
36.369629017127174 127.34676541711592 36.369476109973355 127.3466683009177 120000 60000
36.369476109973355 127.3466683009177 36.369610266367914 127.34676280035599 30000 60000
36.369610266367914 127.34676280035599 36.36961824483665 127.3467553789456 120000 60000
36.36961824483665 127.3467553789456 36.36956481329753 127.34672048449583 120000 60000
36.36956481329753 127.34672048449583 36.36949833192848 127.34668159297378 210000 90000
36.36949833192848 127.34668159297378 36.36951748651981 127.34680931071046 30000 120000
