36.37578390521068 127.34751593727896 36.37577262255126 127.34761035417725 60000 90000
36.37577262255126 127.34761035417725 36.3758123805051 127.34760719319893 90000 90000
36.3758123805051 127.34760719319893 36.37582276141418 127.34762101513482 60000 60000
36.37582276141418 127.34762101513482 36.390543526852866 127.23514406752004 1920000 390000
36.390543526852866 127.23514406752004 36.390497120127826 127.23521704483396 30000 60000
36.390497120127826 127.23521704483396 36.39060859029524 127.23512273780302 1350000 90000
36.39060859029524 127.23512273780302 36.390668898882225 127.23508395400427 1980000 60000
36.390668898882225 127.23508395400427 36.39077984520505 127.23485743572074 870000 90000
36.39077984520505 127.23485743572074 36.39060863731068 127.23519065755671 4650000 60000
36.39060863731068 127.23519065755671 36.390521398038686 127.23509459137702 150000 90000
36.390521398038686 127.23509459137702 36.39051102202254 127.23520838649695 60000 90000
36.39051102202254 127.23520838649695 36.37004170486503 127.34753255615033 6150000 11460000
36.37004170486503 127.34753255615033 36.37348042959988 127.3486804849452 900000 360000
36.37348042959988 127.3486804849452 36.36621458363874 127.34475186984646 2220000 2850000
36.36621458363874 127.34475186984646 36.36653769052612 127.3457833963707 600000 120000
36.36653769052612 127.3457833963707 36.36710915190972 127.34811955008927 210000 840000
36.36710915190972 127.34811955008927 36.36736541660974 127.3483405396668 240000 2520000
36.36736541660974 127.3483405396668 36.36734045317507 127.348347498472 60000 90000
36.36734045317507 127.348347498472 36.36744399244618 127.34849721413626 780000 1200000
