36.3710854225716 127.34597645946798 36.371030862824135 127.34611779632866 90000 60000
36.371030862824135 127.34611779632866 36.37111797736337 127.34606546160184 60000 60000
36.37111797736337 127.34606546160184 36.371028794365834 127.34604660562287 390000 180000
36.371028794365834 127.34604660562287 36.37103282383805 127.3461225790644 30000 60000
36.37103282383805 127.3461225790644 36.37106506397866 127.34619315713265 270000 60000
36.37106506397866 127.34619315713265 36.371104844940625 127.34608442741809 150000 180000
36.371104844940625 127.34608442741809 36.371031292746835 127.34609641168167 60000 60000
36.371031292746835 127.34609641168167 36.370896464591034 127.34612587745487 270000 60000
36.370896464591034 127.34612587745487 36.37097085654825 127.3461205037873 30000 60000
36.37097085654825 127.3461205037873 36.3742277820174 127.35819354907773 630000 90000
36.3742277820174 127.35819354907773 36.36912681442667 127.36577662574649 630000 630000
36.36912681442667 127.36577662574649 36.36908511683648 127.36571244964307 90000 60000
36.36908511683648 127.36571244964307 36.36907973877373 127.3657209750072 180000 60000
36.36907973877373 127.3657209750072 36.369039293066045 127.36580041821948 330000 120000
36.369039293066045 127.36580041821948 36.36911899927672 127.36563123188378 240000 60000
36.36911899927672 127.36563123188378 36.36910946462178 127.36567450705203 30000 120000
36.36910946462178 127.36567450705203 36.37471035830188 127.35893404191798 750000 90000
36.37471035830188 127.35893404191798 36.37377857092623 127.35783534193222 660000 4020000
36.37377857092623 127.35783534193222 36.374851391852346 127.35833884383216 240000 660000
36.374851391852346 127.35833884383216 36.373638100501495 127.35941956808935 5430000 2430000
36.373638100501495 127.35941956808935 36.37243336942534 127.3548876299704 720000 3180000
36.37243336942534 127.3548876299704 36.370048845546556 127.34760783094332 810000 60000
36.370048845546556 127.34760783094332 36.366643821774005 127.35606605505708 420000 60000
36.366643821774005 127.35606605505708 36.36853258270455 127.36785261170284 360000 120000
36.36853258270455 127.36785261170284 36.366294742369824 127.37426276571901 150000 60000
36.366294742369824 127.37426276571901 36.37467366164809 127.35905119742388 330000 7350000
36.37467366164809 127.35905119742388 36.374554818764715 127.3590892156385 90000 570000
36.374554818764715 127.3590892156385 36.37464254168515 127.3590320212281 30000 120000
36.37464254168515 127.3590320212281 36.37468996249924 127.35897906533285 30000 120000
36.37468996249924 127.35897906533285 36.37467289601849 127.35901183091497 120000 150000
36.37467289601849 127.35901183091497 36.37465639584085 127.35901170462886 60000 570000
