36.372032213713624 127.35442627047087 36.37197713024234 127.35440153229597 30000 30000
36.37197713024234 127.35440153229597 36.37195037407166 127.35429284970328 30000 30000
36.37195037407166 127.35429284970328 36.371841576971924 127.3542441981772 30000 30000
36.371841576971924 127.3542441981772 36.37188449136482 127.35433168857172 30000 60000
36.37188449136482 127.35433168857172 36.37152711254529 127.3544121696618 180000 30000
36.37152711254529 127.3544121696618 36.37191203774484 127.35451455308066 90000 30000
36.37191203774484 127.35451455308066 36.371884370437925 127.35444375191712 90000 30000
36.371884370437925 127.35444375191712 36.37177371095888 127.35450033759 60000 30000
36.37177371095888 127.35450033759 36.37139897373382 127.35442940393833 390000 30000
36.37139897373382 127.35442940393833 36.36841115961904 127.3658471788481 1380000 4110000
36.36841115961904 127.3658471788481 36.36819493517104 127.36598711373914 60000 30000
36.36819493517104 127.36598711373914 36.36853741813663 127.36573129452786 90000 90000
36.36853741813663 127.36573129452786 36.36843445025609 127.36588230668791 30000 60000
36.36843445025609 127.36588230668791 36.36826311477502 127.36601061496489 30000 30000
36.36826311477502 127.36601061496489 36.36802448613581 127.36601836618082 60000 30000
36.36802448613581 127.36601836618082 36.36837105236725 127.36571876075136 390000 30000
36.36837105236725 127.36571876075136 36.36855735090457 127.36580726795717 60000 60000
36.36855735090457 127.36580726795717 36.3684207498947 127.36596105629835 90000 30000
36.3684207498947 127.36596105629835 36.36834803277681 127.36602796594585 60000 30000
36.36834803277681 127.36602796594585 36.36827875286018 127.36674044222423 150000 30000
36.36827875286018 127.36674044222423 36.36835086387821 127.36661584724173 30000 30000
36.36835086387821 127.36661584724173 36.36843916308398 127.36646328195705 30000 30000
36.36843916308398 127.36646328195705 36.36852746228975 127.36631071667237 30000 30000
36.36852746228975 127.36631071667237 36.36861576149551 127.36615815138771 30000 30000
36.36861576149551 127.36615815138771 36.368699614191954 127.36604745626596 30000 30000
36.368699614191954 127.36604745626596 36.36809411637537 127.36620447912956 90000 30000
36.36809411637537 127.36620447912956 36.36827810459558 127.36608186044884 540000 30000
36.36827810459558 127.36608186044884 36.36820718487866 127.36596394248849 60000 30000
36.36820718487866 127.36596394248849 36.36814553319345 127.3657907759513 120000 30000
36.36814553319345 127.3657907759513 36.36843814519615 127.36599496087308 60000 4200000
36.36843814519615 127.36599496087308 36.36861811750741 127.36666298888635 150000 30000
36.36861811750741 127.36666298888635 36.37381104856439 127.35752641270805 930000 30000
36.37381104856439 127.35752641270805 36.37511097429273 127.35850788736418 150000 120000
36.37511097429273 127.35850788736418 36.37462565787018 127.35693701983331 270000 240000
36.37462565787018 127.35693701983331 36.3744965919833 127.35664717209477 120000 30000
36.3744965919833 127.35664717209477 36.37393016159549 127.35571611349506 600000 30000
36.37393016159549 127.35571611349506 36.37405499593216 127.35598938676438 240000 30000
36.37405499593216 127.35598938676438 36.37467264210028 127.35707819165711 720000 30000
36.37467264210028 127.35707819165711 36.37474299766703 127.35684367492478 30000 30000
36.37474299766703 127.35684367492478 36.374915461468625 127.35655357969928 120000 30000
36.374915461468625 127.35655357969928 36.37480269716926 127.35675044777099 420000 30000
36.37480269716926 127.35675044777099 36.3747972571652 127.35690792314907 30000 30000
36.3747972571652 127.35690792314907 36.374952059282755 127.35613553116656 180000 30000
36.374952059282755 127.35613553116656 36.37453495320278 127.35673416769447 510000 30000
36.37453495320278 127.35673416769447 36.374563764407405 127.35662944307886 30000 30000
36.374563764407405 127.35662944307886 36.374589553291685 127.35703349829899 210000 330000
36.374589553291685 127.35703349829899 36.37209716965235 127.35499953404867 420000 270000
36.37209716965235 127.35499953404867 36.37226971416392 127.35464635689699 60000 30000
36.37226971416392 127.35464635689699 36.37218425490102 127.35416205400765 150000 30000
36.37218425490102 127.35416205400765 36.37221857910019 127.354636379124 90000 330000
36.37221857910019 127.354636379124 36.372214476379554 127.35482528809615 30000 30000
36.372214476379554 127.35482528809615 36.368188407366794 127.36618167881954 1110000 30000
36.368188407366794 127.36618167881954 36.3714158170194 127.34642663745228 1230000 330000
36.3714158170194 127.34642663745228 36.37149284816257 127.34607726716523 180000 30000
36.37149284816257 127.34607726716523 36.3711628431878 127.34587332920621 150000 330000
36.3711628431878 127.34587332920621 36.36816971031038 127.36617866890253 1740000 2850000
36.36816971031038 127.36617866890253 36.36828856272646 127.36601420537204 30000 30000
36.36828856272646 127.36601420537204 36.36805249136914 127.36636873970433 60000 30000
36.36805249136914 127.36636873970433 36.368054707622456 127.36634963643473 90000 30000
36.368054707622456 127.36634963643473 36.36843807683437 127.36611885491014 270000 60000
36.36843807683437 127.36611885491014 36.36914139059111 127.36457415773955 300000 1110000
36.36914139059111 127.36457415773955 36.36880643732445 127.36598738697441 180000 30000
36.36880643732445 127.36598738697441 36.368832728712775 127.36618320420185 60000 3420000
36.368832728712775 127.36618320420185 36.36831293759107 127.36604317744433 180000 30000
36.36831293759107 127.36604317744433 36.36831638506221 127.36604640255736 30000 240000
36.36831638506221 127.36604640255736 36.36775144536981 127.36618328663296 210000 1110000
36.36775144536981 127.36618328663296 36.36844089744817 127.36667365291657 90000 690000
36.36844089744817 127.36667365291657 36.36802241803568 127.36653987089696 180000 660000
36.36802241803568 127.36653987089696 36.3681554881363 127.3664383084088 30000 30000
36.3681554881363 127.3664383084088 36.36830472563233 127.36632440655293 30000 30000
36.36830472563233 127.36632440655293 36.368162537764675 127.36609983697586 30000 30000
