36.369462812521995 127.34784160019746 36.36960376539341 127.3481478025743 1350000 60000
36.36960376539341 127.3481478025743 36.36966006164945 127.34813651462674 120000 60000
36.36966006164945 127.34813651462674 36.36967377174818 127.34791821952342 330000 11790000
36.36967377174818 127.34791821952342 36.36948417667834 127.3477836738671 240000 90000
36.36948417667834 127.3477836738671 36.369713314789614 127.34808172445918 300000 180000
36.369713314789614 127.34808172445918 36.368506397474434 127.34705308790694 1410000 60000
36.368506397474434 127.34705308790694 36.369628667828245 127.34797656014145 360000 90000
36.369628667828245 127.34797656014145 36.36965929764331 127.34801310650104 30000 60000
36.36965929764331 127.34801310650104 36.36960164315435 127.34799184279161 90000 120000
36.36960164315435 127.34799184279161 36.369590360514955 127.34794732800184 180000 60000
36.369590360514955 127.34794732800184 36.369650642311 127.34792389553213 390000 90000
36.369650642311 127.34792389553213 36.36936363239987 127.3477149962203 450000 60000
36.36936363239987 127.3477149962203 36.36953367847908 127.3478545189695 450000 60000
36.36953367847908 127.3478545189695 36.36948637184727 127.34778800103635 300000 60000
36.36948637184727 127.34778800103635 36.36941993834548 127.34779173921727 270000 60000
36.36941993834548 127.34779173921727 36.36941450039571 127.34779924704642 150000 60000
36.36941450039571 127.34779924704642 36.36950533751304 127.34784836201429 30000 180000
36.36950533751304 127.34784836201429 36.369458997855034 127.34781852515661 30000 60000
36.369458997855034 127.34781852515661 36.3695038689173 127.34785244831801 30000 90000
36.3695038689173 127.34785244831801 36.369517469858884 127.34788798709603 60000 240000
36.369517469858884 127.34788798709603 36.36953147566819 127.34790546109652 120000 1350000
36.36953147566819 127.34790546109652 36.36954029773759 127.34795888068092 30000 240000
36.36954029773759 127.34795888068092 36.36953314123751 127.34794724550682 60000 120000
36.36953314123751 127.34794724550682 36.36954160322257 127.34795262607642 30000 90000
36.36954160322257 127.34795262607642 36.37355563881075 127.35638588862882 420000 210000
36.37355563881075 127.35638588862882 36.37367229065948 127.35621293655065 2940000 60000
36.37367229065948 127.35621293655065 36.368387637009 127.36674313498983 600000 60000
36.368387637009 127.36674313498983 36.368371589563694 127.36642060724472 720000 360000
36.368371589563694 127.36642060724472 36.36963012656475 127.34797290990747 1110000 600000
36.36963012656475 127.34797290990747 36.36961449332982 127.34785552830718 330000 60000
36.36961449332982 127.34785552830718 36.369614250538184 127.34792638926714 120000 270000
36.369614250538184 127.34792638926714 36.3695678132898 127.34784765006069 30000 210000
36.3695678132898 127.34784765006069 36.369515478457615 127.34782268385686 90000 90000
36.369515478457615 127.34782268385686 36.369476096528416 127.34779140944305 90000 60000
36.369476096528416 127.34779140944305 36.36947715225278 127.34779322904187 60000 60000
36.36947715225278 127.34779322904187 36.369510342147365 127.34783843926346 90000 60000
36.369510342147365 127.34783843926346 36.36953547490539 127.34788975778214 30000 180000
36.36953547490539 127.34788975778214 36.369519403030615 127.34785885258631 30000 180000
36.369519403030615 127.34785885258631 36.36959495740581 127.34796570178958 60000 360000
36.36959495740581 127.34796570178958 36.36955721359114 127.34790275273356 30000 120000
36.36955721359114 127.34790275273356 36.369592718330644 127.34795131317694 30000 60000
36.369592718330644 127.34795131317694 36.36959951290229 127.34795672568505 60000 180000
36.36959951290229 127.34795672568505 36.36962400358715 127.34800251077608 30000 60000
36.36962400358715 127.34800251077608 36.369570613752494 127.34793568456428 30000 600000
36.369570613752494 127.34793568456428 36.369621253489086 127.34798237633431 30000 90000
36.369621253489086 127.34798237633431 36.36956247142209 127.34793105081489 30000 60000
36.36956247142209 127.34793105081489 36.369648556543275 127.3480090824842 60000 480000
36.369648556543275 127.3480090824842 36.369605789524044 127.34794317611299 30000 120000
36.369605789524044 127.34794317611299 36.36959749882717 127.34793369318041 450000 90000
36.36959749882717 127.34793369318041 36.36953843870211 127.34787680525157 90000 90000
36.36953843870211 127.34787680525157 36.36961119584983 127.3480012982012 210000 60000
36.36961119584983 127.3480012982012 36.36957243985578 127.34791779348329 30000 60000
36.36957243985578 127.34791779348329 36.36960333154634 127.3479664876085 90000 60000
36.36960333154634 127.3479664876085 36.36957440464371 127.34794202248396 60000 90000
36.36957440464371 127.34794202248396 36.374080704854286 127.35509304385805 1170000 420000
36.374080704854286 127.35509304385805 36.36979002354165 127.35107996233258 570000 5220000
36.36979002354165 127.35107996233258 36.3695626494644 127.34780747543027 360000 60000
36.3695626494644 127.34780747543027 36.36955665757293 127.34794335617698 540000 90000
36.36955665757293 127.34794335617698 36.369572936812055 127.34797278893494 210000 60000
36.369572936812055 127.34797278893494 36.36960940135868 127.34814190939666 450000 60000
36.36960940135868 127.34814190939666 36.36960330333966 127.34815196132769 60000 60000
36.36960330333966 127.34815196132769 36.36959027992074 127.34797062300741 390000 90000
36.36959027992074 127.34797062300741 36.369587285921796 127.34807374781097 90000 60000
36.369587285921796 127.34807374781097 36.36959648535681 127.34802873438113 30000 90000
36.36959648535681 127.34802873438113 36.36960751018971 127.34802465921157 120000 120000
36.36960751018971 127.34802465921157 36.36936409986914 127.34775506097715 480000 90000
36.36936409986914 127.34775506097715 36.36957833637618 127.34792415940433 180000 60000
36.36957833637618 127.34792415940433 36.36960281981781 127.34808009721756 2580000 60000
36.36960281981781 127.34808009721756 36.369640149332675 127.34814719785614 30000 60000
36.369640149332675 127.34814719785614 36.369496499395716 127.34789025177277 60000 60000
36.369496499395716 127.34789025177277 36.369475621058335 127.34788434755195 180000 60000
36.369475621058335 127.34788434755195 36.36952915467318 127.34796723662964 90000 60000
36.36952915467318 127.34796723662964 36.36957065344118 127.34800546521718 30000 60000
36.36957065344118 127.34800546521718 36.36947120469614 127.34792625939055 30000 60000
36.36947120469614 127.34792625939055 36.36951357237831 127.34792442430152 90000 60000
36.36951357237831 127.34792442430152 36.36955728618201 127.3479726790157 270000 300000
36.36955728618201 127.3479726790157 36.36944546403027 127.34779565335107 180000 60000
36.36944546403027 127.34779565335107 36.369470031902026 127.34787952564919 60000 60000
36.369470031902026 127.34787952564919 36.369524265509256 127.3479126259204 30000 180000
36.369524265509256 127.3479126259204 36.36947315767779 127.34782701026906 30000 60000
36.36947315767779 127.34782701026906 36.36959653910025 127.34807379722834 210000 90000
36.36959653910025 127.34807379722834 36.3695343258759 127.3478732209353 30000 60000
36.3695343258759 127.3478732209353 36.36955660918058 127.34789964122182 60000 90000
36.36955660918058 127.34789964122182 36.3695646682349 127.34795818140238 120000 90000
36.3695646682349 127.34795818140238 36.369558736736344 127.3479868731993 60000 120000
36.369558736736344 127.3479868731993 36.36954765211868 127.34791577518385 30000 60000
36.36954765211868 127.34791577518385 36.369541270094 127.34794730328194 90000 180000
36.369541270094 127.34794730328194 36.36949909572465 127.34774351926163 150000 60000
36.36949909572465 127.34774351926163 36.369512182290194 127.34782199669378 30000 90000
36.369512182290194 127.34782199669378 36.36957477964751 127.34790632599133 150000 60000
36.36957477964751 127.34790632599133 36.36951539513436 127.34784453581422 360000 60000
36.36951539513436 127.34784453581422 36.36954097865571 127.34790746672176 30000 60000
36.36954097865571 127.34790746672176 36.3695334903947 127.34786910894577 90000 90000
36.3695334903947 127.34786910894577 36.36954100687643 127.34799623512275 150000 60000
36.36954100687643 127.34799623512275 36.36959259766184 127.34810476274671 30000 90000
36.36959259766184 127.34810476274671 36.36956886860534 127.34805622333597 30000 120000
36.36956886860534 127.34805622333597 36.36955850305322 127.34798344833409 30000 120000
36.36955850305322 127.34798344833409 36.36953884933121 127.34793850121473 60000 150000
36.36953884933121 127.34793850121473 36.36951946501061 127.34795952387026 60000 180000
36.36951946501061 127.34795952387026 36.369489238180606 127.34792920049419 90000 450000
36.369489238180606 127.34792920049419 36.36962059803398 127.34838328706775 990000 150000
36.36962059803398 127.34838328706775 36.36956295003487 127.34808435216787 180000 60000
36.36956295003487 127.34808435216787 36.36952072794944 127.34792454897567 660000 120000
36.36952072794944 127.34792454897567 36.369534564995824 127.3479731243051 30000 180000
36.369534564995824 127.3479731243051 36.36954481605864 127.34795180010644 120000 150000
36.36954481605864 127.34795180010644 36.3695581645288 127.3479158941704 60000 60000
36.3695581645288 127.3479158941704 36.369532007613564 127.34785180332183 60000 90000
36.369532007613564 127.34785180332183 36.369432956403905 127.34774975051583 30000 60000
36.369432956403905 127.34774975051583 36.369501622229066 127.34782097415064 150000 60000
36.369501622229066 127.34782097415064 36.36955155127423 127.34787602462916 60000 150000
36.36955155127423 127.34787602462916 36.36961308701468 127.34794659956877 240000 120000
36.36961308701468 127.34794659956877 36.36958555732071 127.34794281741686 270000 60000
36.36958555732071 127.34794281741686 36.36957906710938 127.34790038889675 150000 150000
36.36957906710938 127.34790038889675 36.36947072378659 127.34776927158882 930000 60000
36.36947072378659 127.34776927158882 36.36952371618979 127.347893646393 150000 90000
36.36952371618979 127.347893646393 36.3696148223193 127.34795425191295 1440000 90000
36.3696148223193 127.34795425191295 36.36969481658892 127.34810784786715 630000 60000
36.36969481658892 127.34810784786715 36.369576144331624 127.34790884381358 720000 60000
36.369576144331624 127.34790884381358 36.369690357236635 127.34802063514681 90000 60000
36.369690357236635 127.34802063514681 36.36959230273129 127.34795071710913 60000 90000
36.36959230273129 127.34795071710913 36.369582717274525 127.34801552095641 60000 90000
36.369582717274525 127.34801552095641 36.3696147257221 127.34798781873405 60000 120000
36.3696147257221 127.34798781873405 36.36962139860798 127.34802833420093 150000 60000
