36.36918603773847 127.35014889273954 36.37243425389619 127.35530386583311 1200000 1380000
36.37243425389619 127.35530386583311 36.37239838508858 127.35559287943516 1620000 90000
36.37239838508858 127.35559287943516 36.37241429905301 127.35561733158293 1050000 60000
36.37241429905301 127.35561733158293 36.36740975753991 127.3651047066745 2370000 60000
36.36740975753991 127.3651047066745 36.37229097354612 127.35457067397516 1950000 60000
36.37229097354612 127.35457067397516 36.37234212491155 127.35500349199806 90000 1020000
36.37234212491155 127.35500349199806 36.369282907501265 127.3503276665111 540000 6120000
36.369282907501265 127.3503276665111 36.37022219033845 127.3480115233354 360000 8910000
36.37022219033845 127.3480115233354 36.36907203436249 127.34672116891839 240000 1230000
36.36907203436249 127.34672116891839 36.37209392479906 127.3546488635382 1800000 60000
36.37209392479906 127.3546488635382 36.3722013330709 127.35492153490273 810000 60000
36.3722013330709 127.35492153490273 36.372199474256355 127.35505839964883 1170000 90000
36.372199474256355 127.35505839964883 36.3721724656029 127.35479573076184 630000 60000
36.3721724656029 127.35479573076184 36.37218921772983 127.3548591757016 180000 60000
36.37218921772983 127.3548591757016 36.3721544051434 127.35489972828967 150000 60000
36.3721544051434 127.35489972828967 36.37220102137299 127.35491892635895 120000 90000
36.37220102137299 127.35491892635895 36.37217453322919 127.35487188920463 30000 60000
36.37217453322919 127.35487188920463 36.37224388227454 127.35498537282736 240000 240000
36.37224388227454 127.35498537282736 36.37217376695171 127.35486844287269 750000 60000
36.37217376695171 127.35486844287269 36.372202688999224 127.35480716660939 240000 90000
36.372202688999224 127.35480716660939 36.37223245722333 127.35482297011663 150000 90000
36.37223245722333 127.35482297011663 36.37220810821527 127.35480754454387 30000 60000
36.37220810821527 127.35480754454387 36.37222983002408 127.35487632850102 30000 60000
36.37222983002408 127.35487632850102 36.37215772285108 127.35476636397784 60000 120000
36.37215772285108 127.35476636397784 36.37218356304148 127.35476283467658 330000 60000
36.37218356304148 127.35476283467658 36.3721429184252 127.35472045008926 90000 60000
36.3721429184252 127.35472045008926 36.37219778109318 127.35474687579057 120000 60000
36.37219778109318 127.35474687579057 36.37214311465086 127.3549973406123 900000 90000
36.37214311465086 127.3549973406123 36.37217167303322 127.35474771689051 1110000 90000
36.37217167303322 127.35474771689051 36.372295354057485 127.35491556058767 30000 60000
36.372295354057485 127.35491556058767 36.37218990258671 127.3548241906389 360000 90000
36.37218990258671 127.3548241906389 36.369272839709396 127.34677470643136 2070000 60000
36.369272839709396 127.34677470643136 36.36909145394304 127.34683771273713 150000 540000
36.36909145394304 127.34683771273713 36.36912734986878 127.3468803153798 90000 60000
36.36912734986878 127.3468803153798 36.36896481717901 127.34688694544774 120000 60000
36.36896481717901 127.34688694544774 36.36903784292981 127.34686276903624 30000 60000
36.36903784292981 127.34686276903624 36.36900279184967 127.34691666617888 360000 360000
36.36900279184967 127.34691666617888 36.36903750928263 127.3465918877041 360000 360000
36.36903750928263 127.3465918877041 36.368962134186766 127.34645781917767 240000 630000
36.368962134186766 127.34645781917767 36.369142438277166 127.34656481807096 210000 60000
36.369142438277166 127.34656481807096 36.36893395049512 127.34689946446419 60000 840000
36.36893395049512 127.34689946446419 36.36915244695425 127.34651070400963 390000 990000
