36.3685564642987 127.34917784100999 36.371146273892116 127.34572465893298 300000 30000
36.371146273892116 127.34572465893298 36.371073685970075 127.34582904807581 30000 60000
36.371073685970075 127.34582904807581 36.371098403054326 127.34590359213823 30000 30000
36.371098403054326 127.34590359213823 36.371039841442915 127.34603004608027 30000 30000
36.371039841442915 127.34603004608027 36.37102153580994 127.34599048876574 90000 180000
36.37102153580994 127.34599048876574 36.37108599210714 127.34611886286444 30000 60000
36.37108599210714 127.34611886286444 36.37098850181518 127.34615892200928 30000 30000
36.37098850181518 127.34615892200928 36.37098214313081 127.34611892879542 30000 30000
36.37098214313081 127.34611892879542 36.371062314641755 127.34603503374208 30000 30000
36.371062314641755 127.34603503374208 36.37110748835405 127.34600486978934 30000 30000
36.37110748835405 127.34600486978934 36.37106558655121 127.34608830305707 30000 150000
36.37106558655121 127.34608830305707 36.37110293228524 127.3461298959943 30000 90000
36.37110293228524 127.3461298959943 36.37099790132839 127.3462721289523 30000 30000
36.37099790132839 127.3462721289523 36.37106119166599 127.34615642072856 30000 60000
36.37106119166599 127.34615642072856 36.371150258297725 127.34607263891641 30000 60000
36.371150258297725 127.34607263891641 36.370952115201256 127.34616789363193 30000 120000
36.370952115201256 127.34616789363193 36.371042698927226 127.3461384059049 30000 30000
36.371042698927226 127.3461384059049 36.37116585730326 127.34611023200237 60000 30000
36.37116585730326 127.34611023200237 36.371046464110016 127.3460985644349 30000 60000
36.371046464110016 127.3460985644349 36.37112527203065 127.34606554403936 30000 120000
36.37112527203065 127.34606554403936 36.37106829971586 127.34616145630145 30000 30000
36.37106829971586 127.34616145630145 36.37099628951619 127.34618777757647 60000 60000
36.37099628951619 127.34618777757647 36.37108209154475 127.34608888025772 30000 60000
36.37108209154475 127.34608888025772 36.37102119732969 127.34619640842237 30000 30000
36.37102119732969 127.34619640842237 36.371001044294694 127.3461561788614 30000 30000
36.371001044294694 127.3461561788614 36.37107915802035 127.34611658695536 30000 60000
36.37107915802035 127.34611658695536 36.371174569225516 127.3460622951563 30000 30000
36.371174569225516 127.3460622951563 36.37108382424373 127.3461638036517 30000 30000
36.37108382424373 127.3461638036517 36.37100744052988 127.34631186929124 30000 30000
36.37100744052988 127.34631186929124 36.370968563555905 127.34629376101518 30000 30000
36.370968563555905 127.34629376101518 36.370978250656975 127.34614473886853 30000 30000
36.370978250656975 127.34614473886853 36.371066271574705 127.34623303729518 30000 30000
36.371066271574705 127.34623303729518 36.371130260530606 127.34614432655778 30000 30000
36.371130260530606 127.34614432655778 36.3710883856593 127.34638527535728 60000 30000
36.3710883856593 127.34638527535728 36.37106233609242 127.34621572614735 30000 30000
36.37106233609242 127.34621572614735 36.37111685426261 127.34612651516852 30000 60000
36.37111685426261 127.34612651516852 36.37113742499848 127.3462143847803 30000 90000
36.37113742499848 127.3462143847803 36.37113176756445 127.34639277926945 30000 30000
36.37113176756445 127.34639277926945 36.37108929641262 127.34627928100213 30000 30000
36.37108929641262 127.34627928100213 36.37104389166885 127.34622088266772 120000 30000
36.37104389166885 127.34622088266772 36.371120944298866 127.34610202447786 30000 30000
36.371120944298866 127.34610202447786 36.37101612018959 127.34610726342429 30000 30000
36.37101612018959 127.34610726342429 36.370963075386044 127.3460731798333 30000 60000
36.370963075386044 127.3460731798333 36.37108781352434 127.34607619786127 30000 30000
36.37108781352434 127.34607619786127 36.37117994664781 127.34602347694242 30000 30000
36.37117994664781 127.34602347694242 36.37098586644787 127.34605195460475 60000 210000
36.37098586644787 127.34605195460475 36.37117140518539 127.34605133120658 30000 30000
36.37117140518539 127.34605133120658 36.37112682732237 127.34599729582666 30000 120000
36.37112682732237 127.34599729582666 36.37106489358693 127.34599780460869 30000 210000
36.37106489358693 127.34599780460869 36.37109031175301 127.34605493965628 30000 120000
36.37109031175301 127.34605493965628 36.37114717651056 127.34604511040341 30000 210000
36.37114717651056 127.34604511040341 36.3710622501669 127.34602421495406 30000 90000
36.3710622501669 127.34602421495406 36.37100471922431 127.34601984454723 30000 30000
36.37100471922431 127.34601984454723 36.371217975244654 127.34612466804307 30000 60000
36.371217975244654 127.34612466804307 36.371095072107096 127.34611334350552 30000 30000
36.371095072107096 127.34611334350552 36.371189849235236 127.34617119210377 30000 60000
36.371189849235236 127.34617119210377 36.37118791239268 127.34605375222249 30000 30000
36.37118791239268 127.34605375222249 36.37129894454215 127.34608449342316 30000 60000
36.37129894454215 127.34608449342316 36.371210569100874 127.34600678289874 30000 30000
36.371210569100874 127.34600678289874 36.37093091170964 127.34598046154812 30000 30000
36.37093091170964 127.34598046154812 36.371062534798575 127.34608137089806 30000 90000
36.371062534798575 127.34608137089806 36.371052813028754 127.34603191677394 30000 60000
36.371052813028754 127.34603191677394 36.37106740267326 127.34594332145964 30000 30000
36.37106740267326 127.34594332145964 36.37090929466581 127.34588965633294 60000 60000
36.37090929466581 127.34588965633294 36.37082383108629 127.34588129487992 90000 60000
36.37082383108629 127.34588129487992 36.37107150595374 127.3458926249339 90000 30000
36.37107150595374 127.3458926249339 36.370978530397146 127.34585793037125 30000 90000
36.370978530397146 127.34585793037125 36.37067473049606 127.34577996770199 120000 180000
36.37067473049606 127.34577996770199 36.37097102974553 127.34588465924655 90000 30000
36.37097102974553 127.34588465924655 36.370985554845994 127.34583655198013 60000 30000
36.370985554845994 127.34583655198013 36.37089361716141 127.34583695874231 30000 60000
36.37089361716141 127.34583695874231 36.37098375091385 127.34593235424433 30000 60000
36.37098375091385 127.34593235424433 36.37094082706243 127.3458916353751 30000 90000
36.37094082706243 127.3458916353751 36.37090524766788 127.3458267721463 30000 60000
36.37090524766788 127.3458267721463 36.37102804763009 127.34578295279911 60000 90000
36.37102804763009 127.34578295279911 36.37101391202559 127.3457925181581 60000 30000
36.37101391202559 127.3457925181581 36.37106320919771 127.34583477077751 30000 30000
36.37106320919771 127.34583477077751 36.37095823997165 127.3457704188104 30000 30000
36.37095823997165 127.3457704188104 36.37077669099724 127.34577997324573 60000 30000
36.37077669099724 127.34577997324573 36.370850562908245 127.34588279563917 30000 60000
36.370850562908245 127.34588279563917 36.37102958683133 127.34595517928884 90000 30000
36.37102958683133 127.34595517928884 36.371038363113925 127.34611315654392 30000 30000
36.371038363113925 127.34611315654392 36.37101213085995 127.34595029759436 30000 30000
36.37101213085995 127.34595029759436 36.37095458118121 127.3461725939716 30000 30000
36.37095458118121 127.3461725939716 36.37077573473726 127.345857342932 30000 30000
36.37077573473726 127.345857342932 36.370869370115976 127.34599584317357 60000 60000
36.370869370115976 127.34599584317357 36.37087278716109 127.34607936988755 30000 60000
36.37087278716109 127.34607936988755 36.37093136303655 127.34598864157746 30000 60000
36.37093136303655 127.34598864157746 36.370971172128634 127.34606166842605 30000 30000
36.370971172128634 127.34606166842605 36.37087477239352 127.34591093111885 30000 60000
36.37087477239352 127.34591093111885 36.37102532357484 127.34605345539617 60000 30000
36.37102532357484 127.34605345539617 36.371041046787695 127.34591086506828 60000 30000
36.371041046787695 127.34591086506828 36.37086406192516 127.34583515013355 120000 30000
36.37086406192516 127.34583515013355 36.37096449388937 127.34615100584787 60000 30000
36.37096449388937 127.34615100584787 36.370945205822075 127.34598803693319 30000 30000
36.370945205822075 127.34598803693319 36.370977759077334 127.34605225149693 90000 60000
36.370977759077334 127.34605225149693 36.371001537296905 127.34596211416222 30000 30000
36.371001537296905 127.34596211416222 36.3709247224001 127.34598773456162 30000 90000
36.3709247224001 127.34598773456162 36.370952276327664 127.34595560255671 60000 90000
36.370952276327664 127.34595560255671 36.37098925123106 127.34604885957195 60000 60000
36.37098925123106 127.34604885957195 36.37095823994447 127.3461179392684 30000 60000
36.37095823994447 127.3461179392684 36.3710379681914 127.3460074425715 30000 30000
36.3710379681914 127.3460074425715 36.371021218067675 127.34600723052843 30000 30000
36.371021218067675 127.34600723052843 36.37093357924931 127.34607898502624 30000 180000
36.37093357924931 127.34607898502624 36.37109527614748 127.34604430557897 60000 30000
36.37109527614748 127.34604430557897 36.37103452161507 127.34603853558178 30000 120000
36.37103452161507 127.34603853558178 36.371003673686126 127.3461121406649 30000 60000
36.371003673686126 127.3461121406649 36.37093419167684 127.34606425770342 30000 120000
36.37093419167684 127.34606425770342 36.37089363857873 127.34617322065638 30000 30000
36.37089363857873 127.34617322065638 36.37098056363709 127.34611379978132 30000 60000
36.37098056363709 127.34611379978132 36.37107498889713 127.34601925084394 30000 30000
36.37107498889713 127.34601925084394 36.370952727573325 127.34607190997102 30000 60000
36.370952727573325 127.34607190997102 36.37113712676794 127.3459264171281 60000 30000
36.37113712676794 127.3459264171281 36.371039918531785 127.34595285388153 60000 30000
36.371039918531785 127.34595285388153 36.37091151358289 127.3461006390913 30000 30000
36.37091151358289 127.3461006390913 36.371003016067355 127.34593915449237 60000 30000
36.371003016067355 127.34593915449237 36.37098367440289 127.34596105045006 30000 60000
36.37098367440289 127.34596105045006 36.37088363736097 127.34603059741846 30000 30000
36.37088363736097 127.34603059741846 36.370767280603246 127.34609661506953 30000 30000
36.370767280603246 127.34609661506953 36.37089602412519 127.34612484943294 60000 30000
36.37089602412519 127.34612484943294 36.37095802248916 127.34607463117624 30000 30000
36.37095802248916 127.34607463117624 36.37084954750327 127.34606255898402 30000 30000
36.37084954750327 127.34606255898402 36.37090291451695 127.34604064105595 30000 30000
36.37090291451695 127.34604064105595 36.37085269054177 127.34614846609901 90000 30000
36.37085269054177 127.34614846609901 36.370901783104486 127.346120991962 30000 30000
36.370901783104486 127.346120991962 36.370921804393404 127.34607313420548 30000 570000
36.370921804393404 127.34607313420548 36.37087371664717 127.34608523144172 30000 360000
36.37087371664717 127.34608523144172 36.370926258477574 127.3460846583251 30000 210000
36.370926258477574 127.3460846583251 36.37091390236732 127.3460153983131 30000 270000
36.37091390236732 127.3460153983131 36.37096409090209 127.34605291111518 30000 120000
36.37096409090209 127.34605291111518 36.3708755137763 127.34609489987162 30000 150000
36.3708755137763 127.34609489987162 36.37074741511755 127.34619802466456 30000 30000
36.37074741511755 127.34619802466456 36.37083804082564 127.34613103396941 30000 30000
36.37083804082564 127.34613103396941 36.37091902996476 127.34613481612813 30000 120000
36.37091902996476 127.34613481612813 36.37093426911488 127.34610293482015 30000 60000
36.37093426911488 127.34610293482015 36.370911633378476 127.34602804348499 30000 270000
36.370911633378476 127.34602804348499 36.37087975631777 127.34609249910712 30000 180000
36.37087975631777 127.34609249910712 36.370917424539336 127.34610873071605 30000 180000
36.370917424539336 127.34610873071605 36.37105824479697 127.3460414244066 60000 300000
36.37105824479697 127.3460414244066 36.37095934811716 127.34609162620335 30000 90000
36.37095934811716 127.34609162620335 36.370889172305134 127.34614561293556 30000 90000
36.370889172305134 127.34614561293556 36.37089664264973 127.34609375780454 30000 270000
36.37089664264973 127.34609375780454 36.371415204539 127.34636058678512 180000 210000
36.371415204539 127.34636058678512 36.367662070407285 127.34824785443226 570000 30000
36.367662070407285 127.34824785443226 36.36765234316473 127.34823743135425 120000 4650000
36.36765234316473 127.34823743135425 36.36762079196434 127.34837349079771 60000 30000
36.36762079196434 127.34837349079771 36.36762488471504 127.34829438302472 120000 30000
36.36762488471504 127.34829438302472 36.367590947977625 127.34842451301775 30000 60000
36.367590947977625 127.34842451301775 36.36755623995074 127.34855760051063 30000 60000
36.36755623995074 127.34855760051063 36.36752731659499 127.34866850675469 30000 60000
36.36752731659499 127.34866850675469 36.367639295575515 127.34833338214713 30000 30000
36.367639295575515 127.34833338214713 36.367459510121826 127.34837647576617 240000 30000
36.367459510121826 127.34837647576617 36.36727523586785 127.34818279319015 90000 30000
36.36727523586785 127.34818279319015 36.36735047924357 127.34895092693122 120000 30000
36.36735047924357 127.34895092693122 36.36746236103877 127.34831101062301 60000 30000
36.36746236103877 127.34831101062301 36.36747579343059 127.3484120491801 60000 30000
36.36747579343059 127.3484120491801 36.36767765461966 127.34764709014348 90000 30000
36.36767765461966 127.34764709014348 36.36767625435146 127.34765480015963 30000 210000
36.36767625435146 127.34765480015963 36.36757575792252 127.34824142243647 150000 120000
36.36757575792252 127.34824142243647 36.36741655139578 127.34830557651681 30000 30000
36.36741655139578 127.34830557651681 36.36749314058629 127.34843736446464 450000 30000
36.36749314058629 127.34843736446464 36.36745398161848 127.34775268887165 30000 30000
36.36745398161848 127.34775268887165 36.36742563391283 127.34838854800853 60000 30000
36.36742563391283 127.34838854800853 36.36735543150588 127.34829730572605 120000 30000
36.36735543150588 127.34829730572605 36.367453978382734 127.34834203979625 30000 30000
36.367453978382734 127.34834203979625 36.36752074687287 127.34832116697491 180000 30000
36.36752074687287 127.34832116697491 36.36752812088905 127.3486642950979 210000 60000
36.36752812088905 127.3486642950979 36.36749589274507 127.34850752164473 120000 30000
36.36749589274507 127.34850752164473 36.367522906701616 127.34808707339693 600000 30000
