36.37080212264188 127.35927789331492 36.37066116717268 127.36025604476569 270000 30000
36.37066116717268 127.36025604476569 36.37055720530054 127.36003999889596 60000 30000
36.37055720530054 127.36003999889596 36.37061294711673 127.36019337495854 90000 30000
36.37061294711673 127.36019337495854 36.37055398176612 127.35995259091885 30000 60000
36.37055398176612 127.35995259091885 36.370687761903 127.36047868714931 60000 30000
36.370687761903 127.36047868714931 36.370657540551555 127.36029480102873 90000 30000
36.370657540551555 127.36029480102873 36.37231025131971 127.35500967665658 390000 30000
36.37231025131971 127.35500967665658 36.372216967749004 127.35474605108125 60000 30000
36.372216967749004 127.35474605108125 36.37333375623872 127.34845969470533 420000 14160000
36.37333375623872 127.34845969470533 36.37258486389547 127.34893683025899 90000 30000
36.37258486389547 127.34893683025899 36.37146880227616 127.34710193443902 360000 30000
36.37146880227616 127.34710193443902 36.37147619343608 127.34698565861397 30000 90000
36.37147619343608 127.34698565861397 36.37142887270311 127.34711996313597 60000 60000
36.37142887270311 127.34711996313597 36.37142911435273 127.34711303649865 180000 30000
36.37142911435273 127.34711303649865 36.371447489118054 127.34737410564064 180000 30000
36.371447489118054 127.34737410564064 36.3711723529475 127.34752385340221 120000 30000
36.3711723529475 127.34752385340221 36.37120813512892 127.34769883407296 90000 30000
36.37120813512892 127.34769883407296 36.37133546827633 127.34708368060782 180000 30000
36.37133546827633 127.34708368060782 36.37130183501816 127.34725789164878 30000 30000
36.37130183501816 127.34725789164878 36.37147867768145 127.34682986802328 120000 60000
36.37147867768145 127.34682986802328 36.371340343964064 127.34685007081555 330000 30000
36.371340343964064 127.34685007081555 36.37145212304519 127.34655791413039 270000 30000
36.37145212304519 127.34655791413039 36.37148633367253 127.34729123305247 180000 30000
36.37148633367253 127.34729123305247 36.37152433206822 127.34654249409587 30000 30000
36.37152433206822 127.34654249409587 36.371688293770006 127.34752682197183 30000 30000
36.371688293770006 127.34752682197183 36.37152586350089 127.3467884729437 180000 30000
36.37152586350089 127.3467884729437 36.371395588839405 127.34634458952564 30000 30000
36.371395588839405 127.34634458952564 36.3714705380079 127.34680315084977 60000 30000
36.3714705380079 127.34680315084977 36.371523512866645 127.3469908304259 30000 30000
36.371523512866645 127.3469908304259 36.37137330558434 127.34657943632111 90000 60000
36.37137330558434 127.34657943632111 36.37133212383141 127.34707691892578 30000 30000
36.37133212383141 127.34707691892578 36.37125983404155 127.34762932004793 30000 30000
36.37125983404155 127.34762932004793 36.37131495788732 127.34664969241864 60000 30000
36.37131495788732 127.34664969241864 36.37127264791427 127.34647157826103 30000 30000
36.37127264791427 127.34647157826103 36.37131415199 127.346427462028 30000 30000
36.37131415199 127.346427462028 36.37136472255106 127.34674534624332 150000 30000
36.37136472255106 127.34674534624332 36.37141650204316 127.34657094290907 60000 30000
36.37141650204316 127.34657094290907 36.371430672582655 127.3466910599566 30000 30000
36.371430672582655 127.3466910599566 36.37141025632232 127.3464546739547 60000 60000
36.37141025632232 127.3464546739547 36.3717563927507 127.34620358246895 150000 30000
36.3717563927507 127.34620358246895 36.37182583480753 127.34613747684455 30000 30000
36.37182583480753 127.34613747684455 36.37174403545662 127.34643240965181 30000 60000
36.37174403545662 127.34643240965181 36.371708642910825 127.34542886852324 60000 60000
36.371708642910825 127.34542886852324 36.37140431274599 127.34685295687815 300000 30000
36.37140431274599 127.34685295687815 36.37136512566143 127.34573232219216 450000 90000
36.37136512566143 127.34573232219216 36.37142536706365 127.34618585348812 150000 30000
36.37142536706365 127.34618585348812 36.371351626600585 127.34675812763092 450000 30000
36.371351626600585 127.34675812763092 36.37133510552752 127.34661835753207 150000 30000
36.37133510552752 127.34661835753207 36.37141005478759 127.34646085842004 90000 30000
36.37141005478759 127.34646085842004 36.37138345995908 127.34658372418158 30000 30000
36.37138345995908 127.34658372418158 36.37145800628183 127.3465631091293 30000 30000
36.37145800628183 127.3465631091293 36.37152791839047 127.3462349173641 30000 30000
36.37152791839047 127.3462349173641 36.37136049161789 127.34682698195874 450000 30000
36.37136049161789 127.34682698195874 36.369112055659826 127.36481230250789 1650000 30000
36.369112055659826 127.36481230250789 36.36822342001854 127.36593085207616 150000 30000
36.36822342001854 127.36593085207616 36.36835265088631 127.3660455781342 60000 30000
36.36835265088631 127.3660455781342 36.36839025977065 127.36588395593073 30000 30000
36.36839025977065 127.36588395593073 36.36841148193044 127.36585509488573 60000 150000
36.36841148193044 127.36585509488573 36.36839455800151 127.36586004233335 210000 30000
36.36839455800151 127.36586004233335 36.368322295076986 127.36585564462625 120000 30000
36.368322295076986 127.36585564462625 36.36843529646872 127.36572480778638 240000 60000
36.36843529646872 127.36572480778638 36.36780785874458 127.36632017072361 30000 30000
36.36780785874458 127.36632017072361 36.36834660658454 127.36591529081339 30000 30000
36.36834660658454 127.36591529081339 36.36831759400827 127.36570542961637 30000 30000
36.36831759400827 127.36570542961637 36.36842155578168 127.36579778506984 90000 30000
36.36842155578168 127.36579778506984 36.36842256315412 127.36575366896892 240000 30000
36.36842256315412 127.36575366896892 36.36837803686319 127.36577345951729 30000 30000
36.36837803686319 127.36577345951729 36.368412825115634 127.36582183598965 30000 30000
36.368412825115634 127.36582183598965 36.3684023483487 127.36585976766416 60000 60000
36.3684023483487 127.36585976766416 36.368540840699595 127.36596445958605 150000 60000
36.368540840699595 127.36596445958605 36.368432113119134 127.36569734845486 90000 30000
36.368432113119134 127.36569734845486 36.368577417945644 127.36544658700689 90000 90000
36.368577417945644 127.36544658700689 36.36843477261917 127.36575630757613 30000 30000
36.36843477261917 127.36575630757613 36.368380427732546 127.36587532503943 30000 30000
36.368380427732546 127.36587532503943 36.36799249169937 127.36605959606679 210000 60000
36.36799249169937 127.36605959606679 36.368139166513004 127.36629939068004 300000 30000
36.368139166513004 127.36629939068004 36.36810846149155 127.36646018828863 30000 30000
36.36810846149155 127.36646018828863 36.36813747403976 127.36629213436048 150000 30000
36.36813747403976 127.36629213436048 36.36807783712157 127.3664522719806 150000 450000
36.36807783712157 127.3664522719806 36.36813575479849 127.36641274607813 30000 30000
36.36813575479849 127.36641274607813 36.36798902629331 127.36658261413447 30000 60000
36.36798902629331 127.36658261413447 36.36784734814705 127.3667608382568 30000 60000
36.36784734814705 127.3667608382568 36.36798757568243 127.36661153030872 30000 30000
36.36798757568243 127.36661153030872 36.36787934256367 127.36676331212787 60000 60000
36.36787934256367 127.36676331212787 36.367948892205185 127.36645919874627 210000 30000
36.367948892205185 127.36645919874627 36.36800643383542 127.36635331971252 30000 30000
36.36800643383542 127.36635331971252 36.368024463131434 127.3661814961684 240000 30000
36.368024463131434 127.3661814961684 36.367853593894736 127.36645746697563 120000 30000
36.367853593894736 127.36645746697563 36.368048018570214 127.36603568296825 150000 30000
36.368048018570214 127.36603568296825 36.36757555645931 127.36718352946296 90000 30000
36.36757555645931 127.36718352946296 36.367913078870856 127.36600878219758 180000 30000
36.367913078870856 127.36600878219758 36.36766411713526 127.36671481008727 150000 30000
36.36766411713526 127.36671481008727 36.36777150873162 127.36660780351944 30000 30000
36.36777150873162 127.36660780351944 36.36787890032798 127.36650079695161 30000 30000
36.36787890032798 127.36650079695161 36.36798596383058 127.36591578553617 120000 30000
36.36798596383058 127.36591578553617 36.36826682774683 127.36623688594214 210000 30000
36.36826682774683 127.36623688594214 36.368232489185715 127.36638531431544 30000 30000
36.368232489185715 127.36638531431544 36.368031739291936 127.3660531644824 120000 30000
36.368031739291936 127.3660531644824 36.36800664779584 127.36639083853356 330000 30000
36.36800664779584 127.36639083853356 36.367974466298016 127.36639196605331 30000 30000
36.367974466298016 127.36639196605331 36.36791794545549 127.36646870914826 30000 60000
36.36791794545549 127.36646870914826 36.3678010891661 127.36633534326987 180000 60000
36.3678010891661 127.36633534326987 36.36810706460725 127.3663179717119 30000 30000
36.36810706460725 127.3663179717119 36.368061316000635 127.36643314137676 180000 60000
36.368061316000635 127.36643314137676 36.368050839250365 127.36653044429488 180000 30000
36.368050839250365 127.36653044429488 36.3680141704984 127.36650488159654 30000 30000
36.3680141704984 127.36650488159654 36.367828551774366 127.3664135831385 30000 300000
36.367828551774366 127.3664135831385 36.367497988143114 127.36636305006772 30000 30000
36.367497988143114 127.36636305006772 36.36761632192291 127.36632456848888 60000 30000
36.36761632192291 127.36632456848888 36.36773371549162 127.366201427918 30000 60000
36.36773371549162 127.366201427918 36.367807551524464 127.3662639534848 180000 330000
36.367807551524464 127.3662639534848 36.36822048235654 127.36613710905269 60000 30000
36.36822048235654 127.36613710905269 36.36769841676097 127.36621099322176 120000 510000
36.36769841676097 127.36621099322176 36.367792063031295 127.3662598922331 90000 30000
36.367792063031295 127.3662598922331 36.36794610776203 127.36620299376494 30000 30000
