36.36942521030897 127.34573005453858 36.37013837624625 127.34752550262161 90000 210000
36.37013837624625 127.34752550262161 36.3701322916198 127.34760252044538 30000 120000
36.3701322916198 127.34760252044538 36.37011145895495 127.3474879007506 180000 90000
36.37011145895495 127.3474879007506 36.36877628848962 127.36763183817908 300000 120000
36.36877628848962 127.36763183817908 36.35695260886472 127.36687447710449 300000 60000
36.35695260886472 127.36687447710449 36.35695921971483 127.36682200016268 30000 540000
36.35695921971483 127.36682200016268 36.35694183517895 127.36691883201681 30000 180000
36.35694183517895 127.36691883201681 36.35695063814983 127.36698606889144 30000 240000
36.35695063814983 127.36698606889144 36.35694256781671 127.36687580279407 30000 360000
36.35694256781671 127.36687580279407 36.356923803041795 127.36694418864094 30000 300000
36.356923803041795 127.36694418864094 36.3569322986231 127.36690948658072 30000 210000
36.3569322986231 127.36690948658072 36.35692934364237 127.36697655435832 30000 330000
36.35692934364237 127.36697655435832 36.35694885806621 127.36689275889887 30000 90000
36.35694885806621 127.36689275889887 36.3569811780155 127.36684926553681 30000 1230000
36.3569811780155 127.36684926553681 36.35701759029109 127.36691370126204 30000 300000
36.35701759029109 127.36691370126204 36.356968671833755 127.36686968565502 30000 240000
36.356968671833755 127.36686968565502 36.356933891249035 127.36680362326656 30000 270000
36.356933891249035 127.36680362326656 36.356935186454294 127.36688811558932 30000 180000
36.356935186454294 127.36688811558932 36.356999860358805 127.36688773276259 30000 450000
36.356999860358805 127.36688773276259 36.356949766980975 127.36688376471088 30000 180000
36.356949766980975 127.36688376471088 36.35697789945614 127.36696707129059 30000 540000
36.35697789945614 127.36696707129059 36.35700035630301 127.36689688486614 30000 210000
36.35700035630301 127.36689688486614 36.35696520643527 127.36694068407319 30000 360000
36.35696520643527 127.36694068407319 36.35698213044998 127.36700332201418 30000 90000
36.35698213044998 127.36700332201418 36.356953997028626 127.36692288006653 30000 360000
36.356953997028626 127.36692288006653 36.35693467683789 127.36683947615562 30000 300000
36.35693467683789 127.36683947615562 36.35697487730522 127.36686482062238 90000 480000
36.35697487730522 127.36686482062238 36.35695446103973 127.36678139828888 30000 90000
36.35695446103973 127.36678139828888 36.35695976657848 127.36687141747868 30000 60000
36.35695976657848 127.36687141747868 36.356957550336034 127.3668085185191 30000 90000
36.356957550336034 127.3668085185191 36.35689890727523 127.36679415222164 30000 510000
36.35689890727523 127.36679415222164 36.35684646969206 127.36675171280297 60000 420000
36.35684646969206 127.36675171280297 36.3569147030125 127.3668171311784 60000 60000
36.3569147030125 127.3668171311784 36.35690865288685 127.36680374623766 30000 60000
36.35690865288685 127.36680374623766 36.356953735715656 127.36688881650029 30000 660000
36.356953735715656 127.36688881650029 36.35692042830752 127.3669219243283 30000 870000
36.35692042830752 127.3669219243283 36.35692607524428 127.36689684268075 30000 450000
36.35692607524428 127.36689684268075 36.35695741601729 127.36683444775095 30000 240000
36.35695741601729 127.36683444775095 36.356901808535326 127.36695841307687 30000 150000
36.356901808535326 127.36695841307687 36.3569507001394 127.36684938222723 30000 60000
36.3569507001394 127.36684938222723 36.356923678595635 127.36691291434342 30000 240000
36.356923678595635 127.36691291434342 36.356937725063005 127.36688914638098 30000 480000
36.356937725063005 127.36688914638098 36.35693256726336 127.36690646305293 60000 270000
36.35693256726336 127.36690646305293 36.35695302830706 127.36682244515444 30000 210000
36.35695302830706 127.36682244515444 36.356934940199494 127.36691699965056 30000 240000
36.356934940199494 127.36691699965056 36.368529144190134 127.34509820299421 1560000 240000
36.368529144190134 127.34509820299421 36.3690715399127 127.34600359980824 150000 360000
36.3690715399127 127.34600359980824 36.369097306005365 127.3459327992762 270000 16470000
36.369097306005365 127.3459327992762 36.36892887322988 127.34527961545852 1080000 9750000
36.36892887322988 127.34527961545852 36.36930039564671 127.34611576234701 90000 390000
36.36930039564671 127.34611576234701 36.369409790986545 127.34446104568248 1080000 930000
36.369409790986545 127.34446104568248 36.3694841422025 127.34623780351248 390000 540000
36.3694841422025 127.34623780351248 36.369301201533624 127.34560945642944 90000 300000
36.369301201533624 127.34560945642944 36.369093278081316 127.3458914705085 210000 420000
36.369093278081316 127.3458914705085 36.36923001710774 127.3462251778892 480000 690000
36.36923001710774 127.3462251778892 36.36926592079067 127.34610036975297 210000 420000
36.36926592079067 127.34610036975297 36.36914625917879 127.3457570815893 330000 510000
36.36914625917879 127.3457570815893 36.36914243832649 127.34590631334933 540000 510000
36.36914243832649 127.34590631334933 36.36908006113446 127.34590008757456 330000 1260000
36.36908006113446 127.34590008757456 36.36859039304001 127.3455896659682 240000 90000
36.36859039304001 127.3455896659682 36.369085809904334 127.34633780029694 450000 330000
36.369085809904334 127.34633780029694 36.36922222281721 127.345363724894 300000 210000
36.36922222281721 127.345363724894 36.36910053115436 127.34638623190948 90000 300000
36.36910053115436 127.34638623190948 36.3692826657828 127.34643240967874 450000 1350000
36.3692826657828 127.34643240967874 36.36948333632987 127.34330551729254 120000 360000
36.36948333632987 127.34330551729254 36.36987903575973 127.34429504014362 150000 1920000
