36.37075180457339 127.3461482516971 36.371063260308 127.34601032319381 270000 60000
36.371063260308 127.34601032319381 36.371058075588444 127.34601202736758 180000 60000
36.371058075588444 127.34601202736758 36.37084694851606 127.34605123717594 420000 60000
36.37084694851606 127.34605123717594 36.37109970060696 127.34602146906077 330000 90000
36.37109970060696 127.34602146906077 36.369686316969634 127.34905568986325 1590000 90000
36.369686316969634 127.34905568986325 36.36953886313296 127.34873695354027 600000 60000
36.36953886313296 127.34873695354027 36.36868911642159 127.34831547178908 2670000 60000
36.36868911642159 127.34831547178908 36.36924033157128 127.34824526511542 750000 210000
36.36924033157128 127.34824526511542 36.368449719502344 127.3643122034285 2910000 90000
36.368449719502344 127.3643122034285 36.36842628644036 127.36431352823604 60000 60000
36.36842628644036 127.36431352823604 36.36845393545828 127.36435543015921 120000 60000
36.36845393545828 127.36435543015921 36.368436647680475 127.36429948804546 780000 120000
36.368436647680475 127.36429948804546 36.36846286917977 127.36435429092738 210000 60000
36.36846286917977 127.36435429092738 36.36846239905876 127.36428430407342 360000 60000
36.36846239905876 127.36428430407342 36.36849756068818 127.36441172712246 90000 60000
36.36849756068818 127.36441172712246 36.368448096294145 127.36443817642962 240000 60000
36.368448096294145 127.36443817642962 36.36857039122449 127.36473039677601 810000 90000
36.36857039122449 127.36473039677601 36.36850225375763 127.36426603114644 300000 150000
36.36850225375763 127.36426603114644 36.36847437042644 127.36437947198631 1380000 60000
36.36847437042644 127.36437947198631 36.36815375331651 127.36376439815234 240000 60000
36.36815375331651 127.36376439815234 36.36843645649135 127.36412483779264 120000 450000
36.36843645649135 127.36412483779264 36.372186504047804 127.35574250084348 750000 90000
36.372186504047804 127.35574250084348 36.37212170271279 127.35662452292607 570000 450000
36.37212170271279 127.35662452292607 36.372341012768096 127.35617119503706 450000 600000
36.372341012768096 127.35617119503706 36.36938453222615 127.34808590244864 330000 120000
36.36938453222615 127.34808590244864 36.36943766822767 127.34867003980338 360000 420000
36.36943766822767 127.34867003980338 36.369550457427266 127.34875840421951 3960000 60000
36.369550457427266 127.34875840421951 36.36913616018235 127.34821311658435 1170000 60000
36.36913616018235 127.34821311658435 36.36908997643704 127.34828993652674 90000 60000
36.36908997643704 127.34828993652674 36.36916166108174 127.34829689760693 30000 60000
36.36916166108174 127.34829689760693 36.37006133103736 127.3490064239919 870000 90000
36.37006133103736 127.3490064239919 36.36926972562875 127.34792700701695 1200000 660000
36.36926972562875 127.34792700701695 36.36920229363159 127.34686552383471 1350000 60000
36.36920229363159 127.34686552383471 36.36939354229621 127.34814888004432 2430000 270000
36.36939354229621 127.34814888004432 36.369393227929045 127.34856863565885 1350000 60000
36.369393227929045 127.34856863565885 36.36943644322362 127.34858850322527 210000 60000
36.36943644322362 127.34858850322527 36.369483318526015 127.34818625683992 420000 270000
36.369483318526015 127.34818625683992 36.36717868837865 127.3579532597496 1770000 4560000
36.36717868837865 127.3579532597496 36.36766758553871 127.34897117910437 1800000 300000
36.36766758553871 127.34897117910437 36.367703769017304 127.34909309655694 30000 150000
36.367703769017304 127.34909309655694 36.36772792260457 127.34895001319344 90000 450000
36.36772792260457 127.34895001319344 36.36767951025732 127.3490363556684 30000 120000
36.36767951025732 127.3490363556684 36.36939166533536 127.34849001795902 240000 90000
36.36939166533536 127.34849001795902 36.369470420295336 127.34819922480267 780000 510000
36.369470420295336 127.34819922480267 36.36998795128625 127.34843586365889 570000 60000
