36.37205820438605 127.35427437864591 36.37102262203837 127.35898999852789 480000 4770000
36.37102262203837 127.35898999852789 36.37207754118293 127.35465203450687 480000 990000
36.37207754118293 127.35465203450687 36.36803879093999 127.36634845450888 2400000 12540000
36.36803879093999 127.36634845450888 36.36819480082156 127.36623628127518 210000 90000
36.36819480082156 127.36623628127518 36.36799490942186 127.36633789954789 180000 60000
36.36799490942186 127.36633789954789 36.36777704091298 127.36656431888893 210000 90000
36.36777704091298 127.36656431888893 36.367844191656076 127.36658258670064 30000 120000
36.367844191656076 127.36658258670064 36.36784315740877 127.36662021599925 30000 330000
36.36784315740877 127.36662021599925 36.36781531340615 127.36652681615212 30000 60000
36.36781531340615 127.36652681615212 36.367968266182025 127.36622029484143 660000 90000
36.367968266182025 127.36622029484143 36.36793073247168 127.36656865092992 540000 120000
36.36793073247168 127.36656865092992 36.36826641896974 127.3662667363515 420000 60000
36.36826641896974 127.3662667363515 36.367998965796914 127.36644320143007 660000 60000
36.367998965796914 127.36644320143007 36.367931001113554 127.36651873499098 30000 60000
36.367931001113554 127.36651873499098 36.368139623214034 127.36600693167725 1770000 60000
36.368139623214034 127.36600693167725 36.36810257840554 127.36622196060806 1350000 60000
36.36810257840554 127.36622196060806 36.37224436849733 127.35397752185601 1200000 90000
36.37224436849733 127.35397752185601 36.36929072489232 127.36533394615736 870000 1890000
36.36929072489232 127.36533394615736 36.36805639999368 127.36623611620634 330000 5430000
36.36805639999368 127.36623611620634 36.3679512024729 127.36639262569976 720000 60000
36.3679512024729 127.36639262569976 36.368019570129704 127.36634593946877 90000 60000
36.368019570129704 127.36634593946877 36.368139193360136 127.36627223374705 30000 90000
36.368139193360136 127.36627223374705 36.36812740028219 127.36629829124108 60000 60000
36.36812740028219 127.36629829124108 36.367929819114686 127.36631203467176 150000 60000
36.367929819114686 127.36631203467176 36.36796764293009 127.36659305920237 1080000 60000
36.36796764293009 127.36659305920237 36.36827206029454 127.3679035723032 660000 60000
36.36827206029454 127.3679035723032 36.368023572773545 127.3664963057286 4260000 60000
36.368023572773545 127.3664963057286 36.36803709052252 127.36640460995254 60000 60000
36.36803709052252 127.36640460995254 36.36803181988148 127.36627960032705 30000 120000
36.36803181988148 127.36627960032705 36.368012451294284 127.3663265476543 360000 90000
