36.37099228681513 127.34604198792908 36.36940244343529 127.3480857374701 390000 60000
36.36940244343529 127.3480857374701 36.36958714497676 127.34804654409231 90000 30000
36.36958714497676 127.34804654409231 36.36953151326767 127.3479146696294 30000 30000
36.36953151326767 127.3479146696294 36.369533004201884 127.34802189684117 30000 210000
36.369533004201884 127.34802189684117 36.36962860874044 127.3479654527677 120000 30000
36.36962860874044 127.3479654527677 36.3696428007963 127.34807453940337 30000 30000
36.3696428007963 127.34807453940337 36.3695435347553 127.34802563499841 30000 30000
36.3695435347553 127.34802563499841 36.36957196002724 127.34794184767618 90000 60000
36.36957196002724 127.34794184767618 36.3695788562155 127.34782974796966 30000 120000
36.3695788562155 127.34782974796966 36.369595175820685 127.34798220870715 30000 30000
36.369595175820685 127.34798220870715 36.369553208237974 127.34796419107747 30000 30000
36.369553208237974 127.34796419107747 36.36953001970593 127.34795709950613 60000 30000
36.36953001970593 127.34795709950613 36.369532153966254 127.34795226731549 30000 60000
36.369532153966254 127.34795226731549 36.3695934833586 127.34802876567176 30000 30000
36.3695934833586 127.34802876567176 36.36959582449006 127.34801997544066 60000 30000
36.36959582449006 127.34801997544066 36.369591686120174 127.34804153879945 120000 30000
36.369591686120174 127.34804153879945 36.36953545420354 127.34786325977069 360000 30000
36.36953545420354 127.34786325977069 36.369442629936984 127.34769689627714 30000 30000
36.369442629936984 127.34769689627714 36.369535005525336 127.34793512112573 30000 30000
36.369535005525336 127.34793512112573 36.36950344962416 127.34788940378864 30000 60000
36.36950344962416 127.34788940378864 36.369552259585234 127.34800160684469 30000 90000
36.369552259585234 127.34800160684469 36.36958357638575 127.34804435894837 60000 180000
36.36958357638575 127.34804435894837 36.369627625575745 127.34816050422094 90000 120000
36.369627625575745 127.34816050422094 36.36961556384091 127.34817860422993 30000 30000
36.36961556384091 127.34817860422993 36.36953539366015 127.34800226298793 30000 60000
36.36953539366015 127.34800226298793 36.36952189083042 127.3479201161438 30000 30000
36.36952189083042 127.3479201161438 36.36952666171479 127.34796660445592 60000 30000
36.36952666171479 127.34796660445592 36.36956407990303 127.34807312108072 30000 60000
36.36956407990303 127.34807312108072 36.369591690278035 127.34797029314154 30000 30000
36.369591690278035 127.34797029314154 36.36949065066999 127.34793300132608 30000 30000
36.36949065066999 127.34793300132608 36.369568468073346 127.3480520359966 30000 120000
36.369568468073346 127.3480520359966 36.369614557756 127.34815243959966 30000 30000
36.369614557756 127.34815243959966 36.369491086414506 127.34789936086013 90000 30000
36.369491086414506 127.34789936086013 36.369501928519895 127.3479497990511 30000 60000
36.369501928519895 127.3479497990511 36.36951537904048 127.34780973482849 60000 60000
36.36951537904048 127.34780973482849 36.3695342493851 127.34794346886099 30000 30000
36.3695342493851 127.34794346886099 36.369552501736166 127.34800149064309 30000 30000
36.369552501736166 127.34800149064309 36.369565248491085 127.34820259190576 60000 60000
36.369565248491085 127.34820259190576 36.369567244793764 127.34801815307995 180000 30000
36.369567244793764 127.34801815307995 36.36957525385774 127.34810533835463 90000 180000
36.36957525385774 127.34810533835463 36.36959453111477 127.34822476550434 30000 30000
36.36959453111477 127.34822476550434 36.369562871018886 127.34803157760615 30000 30000
36.369562871018886 127.34803157760615 36.36959481714764 127.34822464178345 60000 30000
36.36959481714764 127.34822464178345 36.36957284015484 127.34799376687987 30000 30000
36.36957284015484 127.34799376687987 36.3695680489502 127.34809746330387 90000 60000
36.3695680489502 127.34809746330387 36.36953933322567 127.34794784198364 30000 30000
36.36953933322567 127.34794784198364 36.36955587175848 127.34798300857398 30000 60000
36.36955587175848 127.34798300857398 36.3695297463031 127.34792811062275 60000 30000
36.3695297463031 127.34792811062275 36.36954494764975 127.34790994053522 30000 90000
36.36954494764975 127.34790994053522 36.36954982748627 127.34806880017052 30000 30000
36.36954982748627 127.34806880017052 36.36955652537584 127.3480108932974 30000 30000
36.36955652537584 127.3480108932974 36.369547953755344 127.34794120942527 30000 120000
36.369547953755344 127.34794120942527 36.36954047495472 127.3480560023755 90000 30000
36.36954047495472 127.3480560023755 36.36954601156971 127.34790309632595 30000 30000
36.36954601156971 127.34790309632595 36.369531432696675 127.34801788922947 30000 30000
36.369531432696675 127.34801788922947 36.369540545418474 127.34788274925039 30000 60000
36.369540545418474 127.34788274925039 36.36951597550714 127.34809547605596 30000 90000
36.36951597550714 127.34809547605596 36.369536775842484 127.34798456979053 30000 30000
36.369536775842484 127.34798456979053 36.369478852755975 127.34809693009372 30000 60000
36.369478852755975 127.34809693009372 36.36952918158772 127.34799735664274 60000 60000
36.36952918158772 127.34799735664274 36.36949291048546 127.34799937686648 120000 60000
36.36949291048546 127.34799937686648 36.369527185532604 127.34799500647384 30000 30000
36.369527185532604 127.34799500647384 36.36948262308567 127.34815303328782 30000 30000
36.36948262308567 127.34815303328782 36.36947461098695 127.34810768290667 30000 30000
36.36947461098695 127.34810768290667 36.369507674626426 127.34799241449976 30000 60000
36.369507674626426 127.34799241449976 36.36949970014169 127.34810721012511 30000 60000
36.36949970014169 127.34810721012511 36.36946542494019 127.34821285821137 60000 30000
36.36946542494019 127.34821285821137 36.36951549189811 127.3480101462199 30000 30000
36.36951549189811 127.3480101462199 36.36951390163165 127.34796962250378 30000 30000
36.36951390163165 127.34796962250378 36.369518566399904 127.34801192737154 30000 60000
36.369518566399904 127.34801192737154 36.36951314399897 127.34796960599762 60000 30000
36.36951314399897 127.34796960599762 36.36941269861749 127.34872829249122 60000 60000
36.36941269861749 127.34872829249122 36.36954784899275 127.34785827919367 60000 30000
36.36954784899275 127.34785827919367 36.369527975390916 127.34796272333348 60000 30000
36.369527975390916 127.34796272333348 36.36950804128468 127.34809864252095 30000 30000
36.36950804128468 127.34809864252095 36.36950006286699 127.34800233721963 150000 30000
36.36950006286699 127.34800233721963 36.369506203833545 127.34807847279347 30000 30000
36.369506203833545 127.34807847279347 36.369533294372054 127.34770474924962 60000 30000
36.369533294372054 127.34770474924962 36.36955733990062 127.34747936338267 30000 60000
36.36955733990062 127.34747936338267 36.369563376088166 127.34740969544693 30000 60000
36.369563376088166 127.34740969544693 36.36951259868455 127.34811027771757 60000 60000
36.36951259868455 127.34811027771757 36.36949691985638 127.3484825526543 90000 30000
36.36949691985638 127.3484825526543 36.369524937130095 127.34793706165307 30000 30000
36.369524937130095 127.34793706165307 36.3695233720278 127.34780290549432 30000 30000
36.3695233720278 127.34780290549432 36.369524159390764 127.3476664189696 30000 120000
36.369524159390764 127.3476664189696 36.36951469404704 127.34803189098818 30000 30000
36.36951469404704 127.34803189098818 36.369509338764075 127.34820560998728 30000 30000
36.369509338764075 127.34820560998728 36.369517630244225 127.34805766802032 30000 30000
36.369517630244225 127.34805766802032 36.36950818638782 127.34849484753096 30000 60000
36.36950818638782 127.34849484753096 36.369512046695 127.3482474915159 30000 30000
36.369512046695 127.3482474915159 36.369500610847 127.3495105350465 150000 30000
36.369500610847 127.3495105350465 36.36945213160963 127.34910311547243 30000 30000
36.36945213160963 127.34910311547243 36.36927570372323 127.34928558161488 150000 30000
36.36927570372323 127.34928558161488 36.36777461512756 127.34624398795117 150000 240000
36.36777461512756 127.34624398795117 36.36713678126935 127.34531804195801 120000 30000
36.36713678126935 127.34531804195801 36.36940447839498 127.348486659206 300000 660000
36.36940447839498 127.348486659206 36.369562403634085 127.3477374749082 90000 30000
36.369562403634085 127.3477374749082 36.36945856272215 127.34783816714038 30000 30000
36.36945856272215 127.34783816714038 36.371712249688194 127.35223809027093 300000 90000
36.371712249688194 127.35223809027093 36.36926371491859 127.34818375797872 150000 5910000
36.36926371491859 127.34818375797872 36.36965901563897 127.34824512488373 90000 30000
36.36965901563897 127.34824512488373 36.369591722489254 127.34808802993433 30000 30000
36.369591722489254 127.34808802993433 36.369282496548465 127.34821741002783 150000 30000
36.369282496548465 127.34821741002783 36.370632855659736 127.35961428951813 330000 30000
36.370632855659736 127.35961428951813 36.37105949341126 127.36027453133003 120000 30000
36.37105949341126 127.36027453133003 36.37097338456693 127.3603257626872 30000 60000
36.37097338456693 127.3603257626872 36.37088221049648 127.36038000765363 30000 60000
36.37088221049648 127.36038000765363 36.37075317728876 127.36022442945595 30000 60000
36.37075317728876 127.36022442945595 36.37069839995645 127.35999840572978 90000 30000
36.37069839995645 127.35999840572978 36.370633629344084 127.36008889770645 90000 30000
36.370633629344084 127.36008889770645 36.37065264056854 127.36028055162375 30000 30000
36.37065264056854 127.36028055162375 36.37061038707045 127.35999885081415 90000 30000
36.37061038707045 127.35999885081415 36.370683571230614 127.3602816405674 90000 30000
36.370683571230614 127.3602816405674 36.370745013494435 127.36060951900433 30000 30000
36.370745013494435 127.36060951900433 36.37074095715483 127.36031698813684 60000 30000
36.37074095715483 127.36031698813684 36.37066559164657 127.36023509974301 60000 60000
36.37066559164657 127.36023509974301 36.37101375074124 127.35966101139458 120000 30000
36.37101375074124 127.35966101139458 36.37102844066343 127.35957307128596 30000 900000
36.37102844066343 127.35957307128596 36.37094439852313 127.35963019662935 30000 90000
36.37094439852313 127.35963019662935 36.371181873052976 127.35989758140455 120000 90000
36.371181873052976 127.35989758140455 36.370980364598125 127.35964097763792 30000 30000
36.370980364598125 127.35964097763792 36.37119612737649 127.35978371243984 60000 330000
36.37119612737649 127.35978371243984 36.37122232776588 127.35940242664756 30000 750000
36.37122232776588 127.35940242664756 36.37027635402287 127.35968268130958 180000 30000
36.37027635402287 127.35968268130958 36.3707269290653 127.3576781726037 180000 30000
36.3707269290653 127.3576781726037 36.37078342300178 127.3575992581878 330000 420000
36.37078342300178 127.3575992581878 36.37081493397716 127.36003392984249 150000 30000
36.37081493397716 127.36003392984249 36.37081082388584 127.36004643071796 30000 120000
36.37081082388584 127.36004643071796 36.37025188801389 127.35930103109261 990000 210000
36.37025188801389 127.35930103109261 36.370282532586266 127.3593709575956 30000 30000
36.370282532586266 127.3593709575956 36.370379100184664 127.35955991525384 30000 30000
36.370379100184664 127.35955991525384 36.37043200792497 127.35940117934094 90000 30000
36.37043200792497 127.35940117934094 36.37037057101704 127.35940755617025 30000 60000
36.37037057101704 127.35940755617025 36.370225172199355 127.3593272950196 30000 60000
36.370225172199355 127.3593272950196 36.37034708566283 127.35928346732048 90000 30000
36.37034708566283 127.35928346732048 36.37035500363905 127.35932449142213 60000 30000
36.37035500363905 127.35932449142213 36.37037263285494 127.35943515280638 30000 30000
36.37037263285494 127.35943515280638 36.37030133030849 127.35946637789148 30000 30000
36.37030133030849 127.35946637789148 36.370280195483964 127.35918187639584 30000 60000
36.370280195483964 127.35918187639584 36.37035377464814 127.35966859801766 60000 30000
36.37035377464814 127.35966859801766 36.370263271370995 127.35960947374105 30000 30000
36.370263271370995 127.35960947374105 36.370312915245236 127.3596610528556 60000 30000
36.370312915245236 127.3596610528556 36.37041372728577 127.35956010755865 30000 30000
36.37041372728577 127.35956010755865 36.37029711272357 127.35943944092078 30000 60000
36.37029711272357 127.35943944092078 36.37029069235874 127.3596747657372 60000 60000
36.37029069235874 127.3596747657372 36.370328791549355 127.35955146284132 30000 120000
36.370328791549355 127.35955146284132 36.37023828835463 127.35969077956756 120000 30000
36.37023828835463 127.35969077956756 36.37033133682697 127.35935640347641 60000 30000
36.37033133682697 127.35935640347641 36.37018028327878 127.35948853233447 30000 60000
36.37018028327878 127.35948853233447 36.37028545394345 127.35952730222449 30000 60000
36.37028545394345 127.35952730222449 36.37022619970538 127.3597265260583 30000 30000
36.37022619970538 127.3597265260583 36.37019593797689 127.35954647424926 30000 30000
36.37019593797689 127.35954647424926 36.37023535350452 127.35956357112104 30000 30000
36.37023535350452 127.35956357112104 36.37022577672087 127.35961751374975 60000 60000
36.37022577672087 127.35961751374975 36.37024251937921 127.35936559766031 30000 30000
36.37024251937921 127.35936559766031 36.370363111001055 127.35953034514428 60000 30000
36.370363111001055 127.35953034514428 36.37056441818184 127.35899749523051 150000 120000
36.37056441818184 127.35899749523051 36.370097053414014 127.35921391211757 60000 30000
36.370097053414014 127.35921391211757 36.37018542098269 127.35930618494059 60000 30000
36.37018542098269 127.35930618494059 36.37016184820746 127.35938881013726 60000 30000
36.37016184820746 127.35938881013726 36.370268812087424 127.3596173075546 90000 30000
36.370268812087424 127.3596173075546 36.370399274682406 127.35941690174361 240000 30000
36.370399274682406 127.35941690174361 36.37030221682821 127.35947943410258 60000 60000
36.37030221682821 127.35947943410258 36.3702143530202 127.35952870398322 210000 30000
36.3702143530202 127.35952870398322 36.370329375845266 127.359558760781 240000 30000
36.370329375845266 127.359558760781 36.37029675682592 127.35947679518887 390000 60000
36.37029675682592 127.35947679518887 36.37039836939735 127.35959248704587 180000 30000
36.37039836939735 127.35959248704587 36.37035545172663 127.35950394119823 30000 30000
36.37035545172663 127.35950394119823 36.370354101055334 127.35957370248174 30000 120000
36.370354101055334 127.35957370248174 36.370420717150054 127.35978072752411 30000 30000
36.370420717150054 127.35978072752411 36.370137151290635 127.35955056421021 210000 30000
36.370137151290635 127.35955056421021 36.37024403050959 127.35926459247824 60000 30000
36.37024403050959 127.35926459247824 36.37029372258651 127.35900903128191 90000 30000
36.37029372258651 127.35900903128191 36.37028243984123 127.35959771508047 60000 30000
36.37028243984123 127.35959771508047 36.369510583912316 127.34786196511016 750000 30000
36.369510583912316 127.34786196511016 36.369662642186 127.34802676194909 60000 30000
36.369662642186 127.34802676194909 36.36969353251133 127.34806456172636 60000 30000
36.36969353251133 127.34806456172636 36.369572122810894 127.348030365444 30000 30000
36.369572122810894 127.348030365444 36.36970003885822 127.34804234145376 60000 30000
36.36970003885822 127.34804234145376 36.36965537291463 127.34809804056239 30000 60000
36.36965537291463 127.34809804056239 36.36966469320357 127.34815037807414 60000 60000
36.36966469320357 127.34815037807414 36.369368168316896 127.34780951222305 150000 30000
36.369368168316896 127.34780951222305 36.36939942538231 127.34783701543729 60000 30000
36.36939942538231 127.34783701543729 36.369382835796856 127.34782981389311 60000 60000
36.369382835796856 127.34782981389311 36.36936142695639 127.34788345426483 30000 30000
36.36936142695639 127.34788345426483 36.36949071024469 127.34794919159827 30000 30000
36.36949071024469 127.34794919159827 36.36951743819732 127.34796198122385 180000 30000
36.36951743819732 127.34796198122385 36.36950126356383 127.34797592517023 60000 30000
36.36950126356383 127.34797592517023 36.369543650202125 127.34801494541892 30000 30000
36.369543650202125 127.34801494541892 36.369453533861986 127.34790196660691 120000 30000
36.369453533861986 127.34790196660691 36.369728194527184 127.34797720333083 90000 30000
36.369728194527184 127.34797720333083 36.369574190054365 127.34792872497783 150000 30000
36.369574190054365 127.34792872497783 36.369644694621485 127.34796884184357 30000 30000
36.369644694621485 127.34796884184357 36.369719724392155 127.34802597855037 60000 30000
36.369719724392155 127.34802597855037 36.36964144959205 127.34810275729042 30000 30000
36.36964144959205 127.34810275729042 36.36961311523909 127.34794533242227 180000 60000
36.36961311523909 127.34794533242227 36.369576926082345 127.34791164744115 30000 30000
36.369576926082345 127.34791164744115 36.36958907912072 127.34795390559394 30000 30000
36.36958907912072 127.34795390559394 36.36963296467837 127.34807700497171 60000 60000
36.36963296467837 127.34807700497171 36.36946855391594 127.3477437872626 90000 30000
36.36946855391594 127.3477437872626 36.369585299311055 127.34788575493997 30000 90000
36.369585299311055 127.34788575493997 36.36960496761002 127.34800055607384 60000 30000
36.36960496761002 127.34800055607384 36.36961166657797 127.34803189922793 60000 30000
36.36961166657797 127.34803189922793 36.36963095802187 127.34802470868394 30000 90000
36.36963095802187 127.34802470868394 36.369556133694225 127.34789034794613 30000 30000
36.369556133694225 127.34789034794613 36.36959598573021 127.34790806318864 30000 30000
36.36959598573021 127.34790806318864 36.369563411084094 127.34782945931804 60000 60000
36.369563411084094 127.34782945931804 36.36956544590865 127.3479360557187 30000 30000
36.36956544590865 127.3479360557187 36.36958955453704 127.3478482849988 30000 30000
36.36958955453704 127.3478482849988 36.36966236410084 127.34803326807081 30000 30000
36.36966236410084 127.34803326807081 36.369871657739935 127.34763599109934 60000 30000
36.369871657739935 127.34763599109934 36.369570386156 127.34805316573556 210000 30000
36.369570386156 127.34805316573556 36.369656928308174 127.34801131712739 30000 30000
36.369656928308174 127.34801131712739 36.36955871660133 127.34797531503206 60000 30000
36.36955871660133 127.34797531503206 36.36953622982856 127.34792738496894 30000 30000
36.36953622982856 127.34792738496894 36.36959295554301 127.34804520830806 150000 90000
36.36959295554301 127.34804520830806 36.36949286610047 127.34784812831515 30000 30000
36.36949286610047 127.34784812831515 36.369447473487654 127.34777877098648 90000 30000
36.369447473487654 127.34777877098648 36.369726937311796 127.3481556060622 60000 30000
36.369726937311796 127.3481556060622 36.36976256637966 127.34804891903778 60000 30000
36.36976256637966 127.34804891903778 36.369562935543335 127.34796867693633 60000 30000
36.369562935543335 127.34796867693633 36.369509275709255 127.34785701480291 30000 60000
36.369509275709255 127.34785701480291 36.36948705417645 127.34780795645365 150000 60000
36.36948705417645 127.34780795645365 36.36970392072273 127.3480292027761 60000 60000
36.36970392072273 127.3480292027761 36.36971847123431 127.34781520195837 60000 30000
36.36971847123431 127.34781520195837 36.36976404119794 127.34774891218608 30000 30000
36.36976404119794 127.34774891218608 36.36961122535751 127.34776448891549 30000 30000
36.36961122535751 127.34776448891549 36.3697722694815 127.34784006372931 90000 30000
36.3697722694815 127.34784006372931 36.369499200496094 127.34764492980614 150000 30000
36.369499200496094 127.34764492980614 36.3696585400255 127.34813392729556 90000 30000
36.3696585400255 127.34813392729556 36.36968440967714 127.34820981543118 30000 30000
36.36968440967714 127.34820981543118 36.36936459817533 127.3475828784883 60000 30000
36.36936459817533 127.3475828784883 36.36950871156259 127.34784062719912 180000 30000
36.36950871156259 127.34784062719912 36.369563221593936 127.3479253193313 60000 60000
36.369563221593936 127.3479253193313 36.36958645185068 127.34799781842132 30000 30000
36.36958645185068 127.34799781842132 36.36950831127687 127.34804097805099 60000 30000
36.36950831127687 127.34804097805099 36.369665591711595 127.34819459328048 60000 30000
36.369665591711595 127.34819459328048 36.369753040556034 127.34841026803812 60000 30000
36.369753040556034 127.34841026803812 36.369718792301434 127.34833121615019 60000 30000
36.369718792301434 127.34833121615019 36.369668665294 127.34814145795822 30000 60000
36.369668665294 127.34814145795822 36.369692297480775 127.3482356255031 30000 210000
36.369692297480775 127.3482356255031 36.369730487309994 127.34836580135675 30000 90000
36.369730487309994 127.34836580135675 36.36969113495053 127.34826975578751 30000 90000
36.36969113495053 127.34826975578751 36.36962899964276 127.3482109698305 30000 30000
36.36962899964276 127.3482109698305 36.36977964352417 127.34820005218339 60000 30000
36.36977964352417 127.34820005218339 36.36963326418172 127.34809740290216 30000 30000
36.36963326418172 127.34809740290216 36.369612704229155 127.34810296343622 60000 60000
36.369612704229155 127.34810296343622 36.36957086028341 127.34799375034352 30000 90000
36.36957086028341 127.34799375034352 36.36958633897767 127.34803496668403 30000 60000
36.36958633897767 127.34803496668403 36.369507444935216 127.34790062251872 150000 30000
36.369507444935216 127.34790062251872 36.36958141893803 127.34782494873386 30000 30000
36.36958141893803 127.34782494873386 36.369608931194854 127.34808578147646 60000 30000
36.369608931194854 127.34808578147646 36.369579230885876 127.34803887529682 30000 60000
36.369579230885876 127.34803887529682 36.36962559871794 127.3481307855154 30000 30000
36.36962559871794 127.3481307855154 36.36962308017928 127.34806066135006 120000 30000
36.36962308017928 127.34806066135006 36.36955460846323 127.34808783205284 30000 30000
36.36955460846323 127.34808783205284 36.36956268166566 127.34809782617035 90000 90000
