36.37231690045103 127.35456132571593 36.37106850173549 127.35919575444697 390000 5100000
36.37106850173549 127.35919575444697 36.37098274075571 127.35927322184537 30000 30000
36.37098274075571 127.35927322184537 36.370885652854064 127.359360920787 30000 30000
36.370885652854064 127.359360920787 36.37078856495242 127.3594486197286 30000 30000
36.37078856495242 127.3594486197286 36.37069732302077 127.35952841381422 30000 30000
36.37069732302077 127.35952841381422 36.37055027455027 127.36047187049381 390000 30000
36.37055027455027 127.36047187049381 36.37059532462321 127.3605933074066 30000 60000
36.37059532462321 127.3605933074066 36.37053842772381 127.36054094526338 210000 30000
36.37053842772381 127.36054094526338 36.3705595827694 127.360537728941 60000 30000
36.3705595827694 127.360537728941 36.371760502863815 127.35434694382303 570000 30000
36.371760502863815 127.35434694382303 36.371977170488826 127.35384731711503 300000 30000
36.371977170488826 127.35384731711503 36.37188876272738 127.35443789721178 60000 30000
36.37188876272738 127.35443789721178 36.371733827255696 127.3545988596124 30000 30000
36.371733827255696 127.3545988596124 36.371822799126946 127.35391402745006 90000 30000
36.371822799126946 127.35391402745006 36.37187836638064 127.35356893134929 30000 30000
36.37187836638064 127.35356893134929 36.37234990190741 127.3546657349753 750000 30000
36.37234990190741 127.3546657349753 36.37222533748443 127.35447107506803 90000 30000
36.37222533748443 127.35447107506803 36.372139683711715 127.3545645978965 30000 60000
36.372139683711715 127.3545645978965 36.37205073556313 127.35466171775681 30000 60000
36.37205073556313 127.35466171775681 36.37200759355177 127.35478876566347 480000 60000
36.37200759355177 127.35478876566347 36.37213549065385 127.35433704843241 240000 30000
36.37213549065385 127.35433704843241 36.37195623751397 127.35432668007192 120000 30000
36.37195623751397 127.35432668007192 36.37184315624453 127.35424403116097 150000 30000
36.37184315624453 127.35424403116097 36.37197265771085 127.35414657094756 30000 30000
36.37197265771085 127.35414657094756 36.37209929793961 127.35404910512261 30000 30000
36.37209929793961 127.35404910512261 36.37190878939146 127.35430076590765 60000 30000
36.37190878939146 127.35430076590765 36.37184213971354 127.35436184245918 30000 30000
36.37184213971354 127.35436184245918 36.37175905618747 127.3543344069858 30000 60000
36.37175905618747 127.3543344069858 36.37170314211646 127.35429281368029 30000 30000
36.37170314211646 127.35429281368029 36.371704893588316 127.3543438663182 30000 60000
36.371704893588316 127.3543438663182 36.37180085447291 127.35444332859183 30000 30000
36.37180085447291 127.35444332859183 36.3718968153575 127.35454279086548 30000 30000
36.3718968153575 127.35454279086548 36.372655411181626 127.3543833036741 210000 30000
36.372655411181626 127.3543833036741 36.37231246760396 127.35438817378946 30000 30000
36.37231246760396 127.35438817378946 36.37224438721978 127.35432913008268 510000 30000
36.37224438721978 127.35432913008268 36.37212891056342 127.3544350833113 30000 30000
36.37212891056342 127.3544350833113 36.37200178029951 127.35455172906757 30000 30000
36.37200178029951 127.35455172906757 36.37221654601058 127.35448282547776 150000 30000
36.37221654601058 127.35448282547776 36.37115589977067 127.35392836508322 180000 30000
36.37115589977067 127.35392836508322 36.37219520815391 127.3544079642729 300000 30000
36.37219520815391 127.3544079642729 36.37163429796604 127.35430323979844 150000 270000
36.37163429796604 127.35430323979844 36.37225236812745 127.35406723426819 210000 30000
36.37225236812745 127.35406723426819 36.37222317722538 127.35415001122243 30000 30000
36.37222317722538 127.35415001122243 36.372228518892 127.3542347427242 30000 30000
36.372228518892 127.3542347427242 36.37246276872166 127.35429911679604 240000 30000
36.37246276872166 127.35429911679604 36.37132115905888 127.35424066170194 90000 330000
36.37132115905888 127.35424066170194 36.37216216623529 127.35501652073901 210000 30000
36.37216216623529 127.35501652073901 36.36808940180764 127.36635818491627 1590000 5190000
36.36808940180764 127.36635818491627 36.36799176639187 127.36592459144563 30000 30000
36.36799176639187 127.36592459144563 36.36781522391527 127.36645377028503 120000 30000
36.36781522391527 127.36645377028503 36.36804963044783 127.3661222660109 150000 30000
36.36804963044783 127.3661222660109 36.368082672568306 127.36643231678059 60000 630000
36.368082672568306 127.36643231678059 36.368429611545444 127.36615534934607 180000 750000
36.368429611545444 127.36615534934607 36.36829310425507 127.36618133977123 30000 60000
36.36829310425507 127.36618133977123 36.368152287012265 127.3662189899631 30000 30000
36.368152287012265 127.3662189899631 36.368084236985894 127.36601309516918 120000 30000
36.368084236985894 127.36601309516918 36.36813510380098 127.36611599263864 30000 30000
36.36813510380098 127.36611599263864 36.368190094952425 127.36622723314615 30000 30000
36.368190094952425 127.36622723314615 36.36820726553668 127.36630780157441 30000 30000
36.36820726553668 127.36630780157441 36.36812393485183 127.3663714607975 30000 30000
36.36812393485183 127.3663714607975 36.36819469338305 127.36632863647372 30000 30000
36.36819469338305 127.36632863647372 36.36887092867211 127.36564135801308 180000 60000
36.36887092867211 127.36564135801308 36.36802964395704 127.36639652889276 120000 30000
36.36802964395704 127.36639652889276 36.367984835611665 127.36626426278019 60000 30000
36.367984835611665 127.36626426278019 36.368178091709375 127.36630521789476 30000 30000
36.368178091709375 127.36630521789476 36.36718413954665 127.36701057432055 120000 60000
36.36718413954665 127.36701057432055 36.367285187694655 127.36697885881904 30000 30000
36.367285187694655 127.36697885881904 36.367881518484666 127.3665337426356 300000 30000
36.367881518484666 127.3665337426356 36.36774233865218 127.36644155211556 90000 30000
36.36774233865218 127.36644155211556 36.367834324671804 127.36647466821125 30000 30000
36.367834324671804 127.36647466821125 36.36773444075745 127.36647593812549 30000 120000
36.36773444075745 127.36647593812549 36.367782230953146 127.36648921425203 30000 90000
36.367782230953146 127.36648921425203 36.36787141782304 127.3664314371092 30000 30000
36.36787141782304 127.3664314371092 36.36786102320324 127.36650466540216 120000 60000
36.36786102320324 127.36650466540216 36.36793788730323 127.36649943850594 30000 150000
36.36793788730323 127.36649943850594 36.367986689138775 127.36648913181821 30000 120000
36.367986689138775 127.36648913181821 36.368086540928005 127.36620720010382 90000 30000
36.368086540928005 127.36620720010382 36.36802940219099 127.36623837021092 60000 30000
36.36802940219099 127.36623837021092 36.368098116634094 127.36625540197464 30000 30000
36.368098116634094 127.36625540197464 36.36810223213948 127.36625961432998 30000 300000
36.36810223213948 127.36625961432998 36.368978812132426 127.36574475203504 120000 510000
36.368978812132426 127.36574475203504 36.36933577495373 127.36465678253192 90000 3510000
36.36933577495373 127.36465678253192 36.372306552704686 127.35494642971962 390000 60000
36.372306552704686 127.35494642971962 36.3722441526625 127.35482768693623 30000 30000
36.3722441526625 127.35482768693623 36.37216615260978 127.35467925845703 30000 30000
36.37216615260978 127.35467925845703 36.372320284545125 127.35446733555796 60000 30000
36.372320284545125 127.35446733555796 36.36829140870932 127.36466292655376 690000 30000
36.36829140870932 127.36466292655376 36.36886120403543 127.36598045260699 300000 1410000
36.36886120403543 127.36598045260699 36.36897178773418 127.36590415888047 30000 9720000
36.36897178773418 127.36590415888047 36.36886923627992 127.36562626775626 180000 30000
36.36886923627992 127.36562626775626 36.368991733889814 127.36570501728217 30000 30000
36.368991733889814 127.36570501728217 36.36899656934788 127.36564976896244 30000 30000
36.36899656934788 127.36564976896244 36.36899708742653 127.36560147077806 30000 150000
36.36899708742653 127.36560147077806 36.36832833939493 127.36656782630699 120000 180000
36.36832833939493 127.36656782630699 36.36822551925473 127.3665803327392 90000 60000
36.36822551925473 127.3665803327392 36.36824002558458 127.36660465861637 30000 30000
36.36824002558458 127.36660465861637 36.368148756807614 127.36653346786285 30000 30000
36.368148756807614 127.36653346786285 36.36809405843209 127.36663378300418 60000 60000
36.36809405843209 127.36663378300418 36.36802715979279 127.36650701598596 30000 30000
36.36802715979279 127.36650701598596 36.36796092655092 127.36635193523836 30000 30000
36.36796092655092 127.36635193523836 36.36789469330906 127.36619685449074 30000 30000
36.36789469330906 127.36619685449074 36.36777401072372 127.36685616222094 210000 30000
36.36777401072372 127.36685616222094 36.367475714504735 127.36731629042777 60000 540000
36.367475714504735 127.36731629042777 36.36806333079669 127.36607224020149 60000 30000
36.36806333079669 127.36607224020149 36.36842794550838 127.36472562508249 60000 60000
36.36842794550838 127.36472562508249 36.368507039376134 127.36453549538878 30000 30000
36.368507039376134 127.36453549538878 36.36788579026827 127.36647587012412 390000 30000
36.36788579026827 127.36647587012412 36.367945840105186 127.36645402384585 30000 210000
36.367945840105186 127.36645402384585 36.36797668921896 127.36676673420462 150000 60000
36.36797668921896 127.36676673420462 36.368554929352065 127.36498244548973 870000 30000
36.368554929352065 127.36498244548973 36.36979131306696 127.36568555667334 450000 3750000
