36.37107346827571 127.34599811907621 36.370933052827986 127.34594484974012 30000 60000
36.370933052827986 127.34594484974012 36.37100029217545 127.34596296350247 30000 60000
36.37100029217545 127.34596296350247 36.37086856695632 127.3459214860095 30000 30000
36.37086856695632 127.3459214860095 36.37091563164188 127.34582212142482 30000 30000
36.37091563164188 127.34582212142482 36.370850152043566 127.34586442350927 30000 30000
36.370850152043566 127.34586442350927 36.37081003131413 127.34583641454365 60000 60000
36.37081003131413 127.34583641454365 36.37092945291517 127.34582500752373 30000 150000
36.37092945291517 127.34582500752373 36.3710007112941 127.34582484261978 30000 30000
36.3710007112941 127.34582484261978 36.370866189461275 127.34574716505098 30000 120000
36.370866189461275 127.34574716505098 36.37089395296455 127.3456170428075 30000 60000
36.37089395296455 127.3456170428075 36.37096840506309 127.34566481477809 90000 30000
36.37096840506309 127.34566481477809 36.37101004369151 127.34572003566151 30000 60000
36.37101004369151 127.34572003566151 36.370993522628936 127.34561382683918 30000 30000
36.370993522628936 127.34561382683918 36.37092343562472 127.34557894619394 30000 30000
36.37092343562472 127.34557894619394 36.3708530531264 127.34565915246623 30000 60000
36.3708530531264 127.34565915246623 36.37083567253864 127.34570161954211 30000 60000
36.37083567253864 127.34570161954211 36.37085364964417 127.34560909362305 30000 150000
36.37085364964417 127.34560909362305 36.37078954787439 127.34551759574073 30000 120000
36.37078954787439 127.34551759574073 36.37081586066458 127.34561077581657 30000 60000
36.37081586066458 127.34561077581657 36.37091490641457 127.34562314482291 30000 30000
36.37091490641457 127.34562314482291 36.370760535372455 127.34547504625831 30000 30000
36.370760535372455 127.34547504625831 36.370711375067145 127.3454547198114 30000 30000
36.370711375067145 127.3454547198114 36.37075884296648 127.34553961265368 30000 90000
36.37075884296648 127.34553961265368 36.370932394611 127.34580554686764 210000 30000
36.370932394611 127.34580554686764 36.37097446293313 127.34584298386369 30000 30000
36.37097446293313 127.34584298386369 36.3710425216153 127.34599050524557 90000 30000
36.3710425216153 127.34599050524557 36.37098381131006 127.34643010073074 120000 30000
36.37098381131006 127.34643010073074 36.37093851949578 127.34631193525249 30000 30000
36.37093851949578 127.34631193525249 36.37089508113352 127.3460681827582 30000 30000
36.37089508113352 127.3460681827582 36.370962817581805 127.3458306148089 90000 30000
36.370962817581805 127.3458306148089 36.370925625045416 127.34569570981202 30000 30000
36.370925625045416 127.34569570981202 36.37096463091284 127.34584286018287 30000 30000
36.37096463091284 127.34584286018287 36.37091551092498 127.34638788112886 60000 90000
36.37091551092498 127.34638788112886 36.37088794881877 127.34618535875259 30000 60000
36.37088794881877 127.34618535875259 36.37082524949963 127.34607502698444 30000 30000
36.37082524949963 127.34607502698444 36.37094581289409 127.34599982324953 30000 30000
36.37094581289409 127.34599982324953 36.370893630553695 127.3460267052642 30000 30000
36.370893630553695 127.3460267052642 36.370947747138565 127.34602695264482 30000 30000
36.370947747138565 127.34602695264482 36.37090108527772 127.34607539804209 30000 90000
36.37090108527772 127.34607539804209 36.37096702835848 127.34609011720059 30000 90000
36.37096702835848 127.34609011720059 36.371000050425025 127.34612079245022 30000 90000
36.371000050425025 127.34612079245022 36.37102604896165 127.34607380658129 60000 30000
36.37102604896165 127.34607380658129 36.370989573700065 127.34605680323543 30000 120000
36.370989573700065 127.34605680323543 36.370891709842034 127.34609597189353 60000 30000
36.370891709842034 127.34609597189353 36.37094857984402 127.34601296184168 30000 60000
36.37094857984402 127.34601296184168 36.37094159534896 127.34613159467698 30000 60000
36.37094159534896 127.34613159467698 36.370980547466885 127.34589856209931 60000 60000
36.370980547466885 127.34589856209931 36.370944577233466 127.34609976501838 180000 30000
36.370944577233466 127.34609976501838 36.370740347229244 127.34616845442778 60000 60000
36.370740347229244 127.34616845442778 36.37104989566194 127.34610001239798 60000 30000
36.37104989566194 127.34610001239798 36.37008129397875 127.34997754035159 390000 30000
36.37008129397875 127.34997754035159 36.37022467262338 127.34993865212468 330000 30000
36.37022467262338 127.34993865212468 36.37030427184743 127.35006702624149 60000 30000
36.37030427184743 127.35006702624149 36.370238364889275 127.35007006073909 150000 30000
36.370238364889275 127.35007006073909 36.370092375077895 127.34992850946762 60000 30000
36.370092375077895 127.34992850946762 36.37010115146034 127.34945418168996 180000 30000
36.37010115146034 127.34945418168996 36.367919605587865 127.34913590168662 120000 30000
36.367919605587865 127.34913590168662 36.36908193889535 127.34560525096838 180000 30000
36.36908193889535 127.34560525096838 36.368837580330485 127.34515147223537 90000 30000
36.368837580330485 127.34515147223537 36.368876690895696 127.34526333783903 30000 30000
36.368876690895696 127.34526333783903 36.368857075148064 127.34522012041302 180000 30000
36.368857075148064 127.34522012041302 36.368848605074575 127.3451823783956 30000 90000
36.368848605074575 127.3451823783956 36.36888677816165 127.34528171545507 60000 30000
36.36888677816165 127.34528171545507 36.36882380738828 127.34522722021437 30000 60000
36.36882380738828 127.34522722021437 36.368884314745856 127.34527463488223 30000 150000
36.368884314745856 127.34527463488223 36.368821429993375 127.3451451475955 30000 30000
36.368821429993375 127.3451451475955 36.3688672940074 127.34523681862235 30000 90000
36.3688672940074 127.34523681862235 36.36885959768703 127.34521826503533 30000 30000
36.36885959768703 127.34521826503533 36.36891282769149 127.34518641889747 60000 60000
36.36891282769149 127.34518641889747 36.36879299760054 127.34522115665762 30000 30000
36.36879299760054 127.34522115665762 36.36882551592508 127.34528914791301 30000 60000
36.36882551592508 127.34528914791301 36.36883563408486 127.34523254720065 30000 30000
36.36883563408486 127.34523254720065 36.36877918437861 127.34519769400134 30000 90000
36.36877918437861 127.34519769400134 36.36880960732263 127.34509366762717 30000 150000
36.36880960732263 127.34509366762717 36.36887271779395 127.34520403245638 30000 30000
36.36887271779395 127.34520403245638 36.36879995525507 127.34509951132277 60000 30000
36.36879995525507 127.34509951132277 36.36882168788038 127.34500385193522 30000 60000
36.36882168788038 127.34500385193522 36.36884264678637 127.34506446021045 60000 30000
36.36884264678637 127.34506446021045 36.368830431934036 127.34516046595449 30000 60000
36.368830431934036 127.34516046595449 36.36878163435148 127.34522469691379 30000 150000
36.36878163435148 127.34522469691379 36.36882362201736 127.34526589409386 30000 30000
36.36882362201736 127.34526589409386 36.36886449215643 127.34525541612648 30000 120000
36.36886449215643 127.34525541612648 36.368835089992345 127.34519174584233 30000 60000
36.368835089992345 127.34519174584233 36.36881254244058 127.34524569466487 30000 30000
36.36881254244058 127.34524569466487 36.36886362713443 127.34512054969261 30000 120000
36.36886362713443 127.34512054969261 36.368838071894324 127.34527169932278 30000 30000
36.368838071894324 127.34527169932278 36.368888714962736 127.34520287801121 30000 30000
36.368888714962736 127.34520287801121 36.36884728343584 127.34507161774361 30000 30000
36.36884728343584 127.34507161774361 36.368907105802634 127.34507752193039 30000 30000
36.368907105802634 127.34507752193039 36.36882382078536 127.34507579574851 120000 30000
36.36882382078536 127.34507579574851 36.36888966592865 127.3452643438591 30000 60000
36.36888966592865 127.3452643438591 36.36892718893961 127.34506805547223 90000 30000
36.36892718893961 127.34506805547223 36.36879944489103 127.34542754921185 90000 30000
36.36879944489103 127.34542754921185 36.36885655128 127.34527577831584 30000 30000
36.36885655128 127.34527577831584 36.36893548980093 127.34533803031897 30000 60000
36.36893548980093 127.34533803031897 36.36883106860155 127.3453268321899 90000 30000
36.36883106860155 127.3453268321899 36.36889718505 127.34546843291656 30000 30000
36.36889718505 127.34546843291656 36.36881151407135 127.34526524101238 240000 30000
36.36881151407135 127.34526524101238 36.36887755327274 127.34523533432868 30000 120000
36.36887755327274 127.34523533432868 36.368809770088404 127.345189423755 30000 30000
36.368809770088404 127.345189423755 36.36889854968999 127.34519025055216 30000 120000
36.36889854968999 127.34519025055216 36.36890309229844 127.3451674200789 30000 60000
36.36890309229844 127.3451674200789 36.36884863733896 127.3452170959625 30000 30000
36.36884863733896 127.3452170959625 36.368918863937914 127.34530308368998 30000 240000
36.368918863937914 127.34530308368998 36.368846506486136 127.34516723205665 60000 30000
36.368846506486136 127.34516723205665 36.3688394338556 127.34520756173181 30000 120000
36.3688394338556 127.34520756173181 36.36884855676573 127.34502271336642 90000 30000
36.36884855676573 127.34502271336642 36.36885759087547 127.34513926812178 30000 60000
36.36885759087547 127.34513926812178 36.36885504159537 127.34490414650723 30000 30000
36.36885504159537 127.34490414650723 36.36882603169002 127.34518097652682 60000 60000
36.36882603169002 127.34518097652682 36.36882632985292 127.34530539256923 30000 30000
36.36882632985292 127.34530539256923 36.3688431034189 127.3451997500179 30000 30000
36.3688431034189 127.3451997500179 36.36882223582285 127.3452584396564 30000 60000
36.36882223582285 127.3452584396564 36.36886918792865 127.34525029264128 30000 30000
36.36886918792865 127.34525029264128 36.368839337227726 127.34525962714582 360000 30000
36.368839337227726 127.34525962714582 36.36885241969982 127.3452729746668 30000 30000
36.36885241969982 127.3452729746668 36.36885239820766 127.345221530464 30000 60000
36.36885239820766 127.345221530464 36.368820430653045 127.34521385615994 30000 60000
36.368820430653045 127.34521385615994 36.368840948955906 127.34527700971572 30000 60000
36.368840948955906 127.34527700971572 36.36883117329343 127.34508937966004 60000 30000
36.36883117329343 127.34508937966004 36.368912263567715 127.34542585048536 60000 30000
36.368912263567715 127.34542585048536 36.36884040499806 127.34578196325151 270000 30000
36.36884040499806 127.34578196325151 36.36888503200959 127.34516986089777 90000 30000
36.36888503200959 127.34516986089777 36.36881397805043 127.34523165111618 30000 30000
36.36881397805043 127.34523165111618 36.36885888038679 127.34528266650617 30000 60000
36.36885888038679 127.34528266650617 36.368851828716565 127.34523890761359 60000 30000
36.368851828716565 127.34523890761359 36.36885061987853 127.34541025999778 30000 60000
36.36885061987853 127.34541025999778 36.36879456913589 127.34522851761858 30000 60000
36.36879456913589 127.34522851761858 36.36882059989597 127.34519934044101 30000 60000
36.36882059989597 127.34519934044101 36.36882734530572 127.34525627923142 30000 30000
36.36882734530572 127.34525627923142 36.36881016343749 127.34515303897449 30000 120000
36.36881016343749 127.34515303897449 36.36883997039706 127.34525636169269 180000 30000
36.36883997039706 127.34525636169269 36.368842178048226 127.34519332085378 60000 180000
36.368842178048226 127.34519332085378 36.36881713449034 127.34523982840747 30000 30000
36.36881713449034 127.34523982840747 36.368867463300866 127.34513341345681 150000 30000
36.368867463300866 127.34513341345681 36.36881715460614 127.3453045596896 210000 30000
36.36881715460614 127.3453045596896 36.36872698355765 127.345955357501 330000 30000
36.36872698355765 127.345955357501 36.368790484716634 127.34582008342454 30000 60000
36.368790484716634 127.34582008342454 36.36885518401068 127.34568225700703 30000 60000
36.36885518401068 127.34568225700703 36.36875475743012 127.34532646115514 30000 60000
36.36875475743012 127.34532646115514 36.368859774957144 127.34466795839253 120000 30000
36.368859774957144 127.34466795839253 36.36882601962735 127.34503953246062 30000 30000
36.36882601962735 127.34503953246062 36.368908702520805 127.3452177459256 120000 30000
36.368908702520805 127.3452177459256 36.369022624254995 127.34541151887264 270000 30000
36.369022624254995 127.34541151887264 36.36875038134206 127.34503609386698 360000 30000
36.36875038134206 127.34503609386698 36.36892685850965 127.34510306812693 330000 30000
36.36892685850965 127.34510306812693 36.368916724293 127.34529025284786 120000 30000
36.368916724293 127.34529025284786 36.36885235254411 127.34514165946169 90000 90000
36.36885235254411 127.34514165946169 36.368754193295025 127.34499603475786 30000 30000
36.368754193295025 127.34499603475786 36.3688685270917 127.34508258500975 180000 30000
36.3688685270917 127.34508258500975 36.368919226620946 127.3459092901638 150000 30000
36.368919226620946 127.3459092901638 36.36879299758045 127.34474989089051 570000 30000
36.36879299758045 127.34474989089051 36.36834765428794 127.34302177159712 30000 30000
36.36834765428794 127.34302177159712 36.368928013669695 127.34574276721757 150000 30000
36.368928013669695 127.34574276721757 36.369001606213914 127.34566210730127 150000 60000
36.369001606213914 127.34566210730127 36.368845643372794 127.34549430070899 180000 30000
36.368845643372794 127.34549430070899 36.36889557328228 127.34568759578886 600000 30000
36.36889557328228 127.34568759578886 36.36886152374001 127.34523512814161 240000 30000
36.36886152374001 127.34523512814161 36.36892106459609 127.34540437097904 60000 30000
36.36892106459609 127.34540437097904 36.36887325819841 127.34529169535966 30000 60000
36.36887325819841 127.34529169535966 36.36883292496197 127.34518652402251 30000 60000
36.36883292496197 127.34518652402251 36.368847758874864 127.34531235215259 30000 60000
36.368847758874864 127.34531235215259 36.36879037839834 127.34528481047357 30000 30000
36.36879037839834 127.34528481047357 36.36879601979544 127.34525100178656 90000 30000
36.36879601979544 127.34525100178656 36.36898738203915 127.34537502198343 120000 90000
36.36898738203915 127.34537502198343 36.36863443462119 127.34520087711007 30000 30000
36.36863443462119 127.34520087711007 36.36887061842339 127.34532162073336 210000 30000
36.36887061842339 127.34532162073336 36.36890771022779 127.34538261657718 30000 90000
36.36890771022779 127.34538261657718 36.368842488241285 127.34526421191075 30000 90000
36.368842488241285 127.34526421191075 36.368803990132875 127.34527390922358 60000 30000
36.368803990132875 127.34527390922358 36.36887947131346 127.34532956989435 30000 30000
36.36887947131346 127.34532956989435 36.36877247927464 127.34523457569233 30000 30000
36.36877247927464 127.34523457569233 36.36880372155277 127.3452649815314 30000 30000
36.36880372155277 127.3452649815314 36.368854966416855 127.3452924242767 30000 60000
36.368854966416855 127.3452924242767 36.368778551771015 127.3452339159881 30000 60000
36.368778551771015 127.3452339159881 36.368814684491454 127.34527811471533 60000 90000
36.368814684491454 127.34527811471533 36.368876739293896 127.34534982211395 30000 30000
36.368876739293896 127.34534982211395 36.368817110297535 127.3453132702465 60000 30000
36.368817110297535 127.3453132702465 36.36888082115839 127.34534032270363 30000 60000
36.36888082115839 127.34534032270363 36.368817121378434 127.34526781615722 30000 90000
36.368817121378434 127.34526781615722 36.36884423303767 127.3453095073135 30000 360000
36.36884423303767 127.3453095073135 36.36879381159291 127.34523836884881 30000 90000
36.36879381159291 127.34523836884881 36.368923747720466 127.34533652955798 180000 30000
36.368923747720466 127.34533652955798 36.36895053604837 127.34542687301676 60000 30000
36.36895053604837 127.34542687301676 36.36880855960063 127.34537030529978 90000 30000
36.36880855960063 127.34537030529978 36.368919626894986 127.34548330326379 30000 30000
36.368919626894986 127.34548330326379 36.36872314178969 127.34524661493379 60000 60000
36.36872314178969 127.34524661493379 36.36885255397202 127.34542057306038 90000 30000
36.36885255397202 127.34542057306038 36.36879057991397 127.34524452039075 30000 30000
36.36879057991397 127.34524452039075 36.36891525346168 127.3457924521928 270000 30000
36.36891525346168 127.3457924521928 36.36896462324867 127.34538697873458 30000 30000
36.36896462324867 127.34538697873458 36.368736197355524 127.34505459799851 300000 30000
36.368736197355524 127.34505459799851 36.36898157143129 127.3455378809869 360000 30000
36.36898157143129 127.3455378809869 36.368895661911324 127.3455246213448 60000 30000
36.368895661911324 127.3455246213448 36.36914429187117 127.3457420524715 270000 30000
36.36914429187117 127.3457420524715 36.36875627953607 127.34534224122667 120000 630000
36.36875627953607 127.34534224122667 36.36885805273579 127.3454804006391 30000 30000
36.36885805273579 127.3454804006391 36.36897662345391 127.34564136306135 30000 30000
36.36897662345391 127.34564136306135 36.368676501726775 127.3449332494322 90000 30000
36.368676501726775 127.3449332494322 36.36865206894524 127.34484996463868 30000 30000
36.36865206894524 127.34484996463868 36.3866333056276 127.38856211935628 570000 30000
36.3866333056276 127.38856211935628 36.368781319951516 127.34529355389395 2640000 5610000
36.368781319951516 127.34529355389395 36.368885744649106 127.34540997214111 30000 60000
36.368885744649106 127.34540997214111 36.36900353195101 127.34555601353495 30000 30000
36.36900353195101 127.34555601353495 36.36915240724849 127.34579012690423 60000 30000
36.36915240724849 127.34579012690423 36.36878014681125 127.34519880655168 30000 30000
36.36878014681125 127.34519880655168 36.36883544262534 127.34528041327755 30000 30000
36.36883544262534 127.34528041327755 36.3688923939533 127.34539108522321 30000 210000
36.3688923939533 127.34539108522321 36.36885563742965 127.34530159938845 30000 30000
36.36885563742965 127.34530159938845 36.36882322714598 127.34527545123854 30000 120000
36.36882322714598 127.34527545123854 36.36878777981349 127.34521216483674 30000 30000
36.36878777981349 127.34521216483674 36.368744627177044 127.34518442336672 30000 240000
36.368744627177044 127.34518442336672 36.368795133260846 127.34525641941548 30000 60000
36.368795133260846 127.34525641941548 36.368845668918674 127.34524707115555 30000 90000
36.368845668918674 127.34524707115555 36.368797377727326 127.34526920897349 30000 60000
36.368797377727326 127.34526920897349 36.368732100707 127.34517653468743 30000 90000
36.368732100707 127.34517653468743 36.36886244253013 127.34527103960258 30000 60000
36.36886244253013 127.34527103960258 36.36870716059724 127.3451414945435 30000 30000
36.36870716059724 127.3451414945435 36.368671366299765 127.34507865984024 30000 30000
36.368671366299765 127.34507865984024 36.36858757637154 127.34510551721047 150000 30000
36.36858757637154 127.34510551721047 36.3686061846918 127.34487530464688 30000 30000
36.3686061846918 127.34487530464688 36.36869391152811 127.34510099835953 30000 30000
36.36869391152811 127.34510099835953 36.36876950147261 127.34526840915399 60000 30000
36.36876950147261 127.34526840915399 36.36871435534371 127.34516829413573 30000 30000
36.36871435534371 127.34516829413573 36.36855713727743 127.34498409857112 30000 90000
36.36855713727743 127.34498409857112 36.36842144562301 127.34484431335376 30000 90000
36.36842144562301 127.34484431335376 36.36866602720174 127.34500752965172 60000 60000
36.36866602720174 127.34500752965172 36.36855187076331 127.3449918291942 270000 30000
36.36855187076331 127.3449918291942 36.36875441487025 127.34526640534335 30000 450000
36.36875441487025 127.34526640534335 36.36886533967696 127.34528836451511 30000 30000
36.36886533967696 127.34528836451511 36.36885615103093 127.34533913527552 30000 30000
36.36885615103093 127.34533913527552 36.36891272294508 127.34528913136475 30000 60000
36.36891272294508 127.34528913136475 36.36899695077806 127.34538322403068 30000 90000
36.36899695077806 127.34538322403068 36.36889566998221 127.34546031884483 30000 60000
36.36889566998221 127.34546031884483 36.36881061474611 127.3452099531091 60000 30000
36.36881061474611 127.3452099531091 36.368859847444156 127.34515907506929 60000 30000
36.368859847444156 127.34515907506929 36.3687551949039 127.344994908437 30000 30000
36.3687551949039 127.344994908437 36.368793924418696 127.34521051381134 30000 120000
36.368793924418696 127.34521051381134 36.36873319937712 127.34519847458913 30000 30000
36.36873319937712 127.34519847458913 36.368774461742916 127.34529231433464 30000 30000
36.368774461742916 127.34529231433464 36.3688289141004 127.34520111338044 120000 30000
36.3688289141004 127.34520111338044 36.36874428063576 127.34520482406312 60000 60000
36.36874428063576 127.34520482406312 36.368823742854715 127.34522238812704 30000 30000
36.368823742854715 127.34522238812704 36.36881760455179 127.3452753275182 30000 30000
36.36881760455179 127.3452753275182 36.368832567564645 127.34512170411094 150000 60000
36.368832567564645 127.34512170411094 36.36881145286132 127.34504402656366 30000 30000
36.36881145286132 127.34504402656366 36.368823299672435 127.34509825791297 30000 30000
36.368823299672435 127.34509825791297 36.36880875390868 127.34513960470679 60000 60000
36.36880875390868 127.34513960470679 36.36879377723967 127.34524179823335 30000 120000
36.36879377723967 127.34524179823335 36.368756369244885 127.34498228036509 30000 60000
36.368756369244885 127.34498228036509 36.36878085529954 127.34477215514592 30000 30000
36.36878085529954 127.34477215514592 36.3687984616503 127.34460230354574 270000 60000
