36.396814545998275 127.40716382790686 36.404481930613734 127.42400880606426 90000 60000
36.404481930613734 127.42400880606426 36.409225758813996 127.43571376249112 420000 60000
36.409225758813996 127.43571376249112 36.40899204621782 127.4351777709078 240000 300000
36.40899204621782 127.4351777709078 36.40939537887831 127.43574886699014 1140000 420000
36.40939537887831 127.43574886699014 36.40940924333266 127.43567500617581 120000 180000
36.40940924333266 127.43567500617581 36.368696278689825 127.36559993127729 3300000 90000
36.368696278689825 127.36559993127729 36.36826077767204 127.36647849444172 1770000 2190000
36.36826077767204 127.36647849444172 36.36793116229648 127.36604475358833 180000 330000
36.36793116229648 127.36604475358833 36.36816527057207 127.36603931414449 300000 360000
36.36816527057207 127.36603931414449 36.36805161827968 127.36625216857584 390000 180000
36.36805161827968 127.36625216857584 36.36809254487822 127.36636140078365 1710000 420000
36.36809254487822 127.36636140078365 36.3680309794404 127.36638241637327 120000 90000
36.3680309794404 127.36638241637327 36.368637780238885 127.36566972440653 1200000 180000
36.368637780238885 127.36566972440653 36.36810479462611 127.36645585894858 1320000 60000
36.36810479462611 127.36645585894858 36.36802635583028 127.36664288703207 180000 90000
36.36802635583028 127.36664288703207 36.36799858969861 127.36654787099486 180000 120000
36.36799858969861 127.36654787099486 36.367966299801324 127.3665865723167 360000 60000
36.367966299801324 127.3665865723167 36.36804280035497 127.36657245773 30000 60000
36.36804280035497 127.36657245773 36.36824221493577 127.36627839088503 450000 90000
36.36824221493577 127.36627839088503 36.36765312485523 127.36670443539558 1830000 60000
36.36765312485523 127.36670443539558 36.36815923355119 127.36596889014119 600000 840000
