36.372541536094694 127.35561188378226 36.37203443004955 127.35505585432612 90000 540000
36.37203443004955 127.35505585432612 36.37192263675986 127.35326583176357 390000 30000
36.37192263675986 127.35326583176357 36.37215628288106 127.35375520893774 90000 30000
36.37215628288106 127.35375520893774 36.37215430852392 127.3540325227707 420000 30000
36.37215430852392 127.3540325227707 36.372159748641835 127.35407482495656 30000 30000
36.372159748641835 127.35407482495656 36.372047831708315 127.35379367375326 90000 300000
36.372047831708315 127.35379367375326 36.371958562721765 127.35370707825061 30000 60000
36.371958562721765 127.35370707825061 36.372287727460986 127.35393869277232 60000 30000
36.372287727460986 127.35393869277232 36.37218183975482 127.35399508098884 30000 90000
36.37218183975482 127.35399508098884 36.372082855537315 127.35404572124196 30000 60000
36.372082855537315 127.35404572124196 36.372155316106884 127.35400143521326 60000 60000
36.372155316106884 127.35400143521326 36.371885796253764 127.3537093270429 30000 30000
36.371885796253764 127.3537093270429 36.37226841277542 127.3540357115578 60000 30000
36.37226841277542 127.3540357115578 36.37216358336167 127.35395653704856 30000 60000
36.37216358336167 127.35395653704856 36.372073729578446 127.35388867318352 30000 30000
36.372073729578446 127.35388867318352 36.37198387579522 127.35382080931845 30000 30000
36.37198387579522 127.35382080931845 36.372050145514315 127.35431560876229 90000 30000
36.372050145514315 127.35431560876229 36.372183728807485 127.35346216540414 270000 660000
36.372183728807485 127.35346216540414 36.37202475929895 127.35351038448789 30000 1200000
36.37202475929895 127.35351038448789 36.371976404924425 127.35393802331586 30000 30000
36.371976404924425 127.35393802331586 36.371432250347794 127.34647106249365 600000 30000
36.371432250347794 127.34647106249365 36.37036959050809 127.34749499233546 450000 60000
36.37036959050809 127.34749499233546 36.3703069716711 127.34828611591581 180000 30000
36.3703069716711 127.34828611591581 36.37042504057475 127.34837729121526 90000 30000
36.37042504057475 127.34837729121526 36.37032744456023 127.34826472160667 30000 30000
36.37032744456023 127.34826472160667 36.37020192185793 127.34812977127305 30000 30000
36.37020192185793 127.34812977127305 36.37045999931242 127.34824910550032 240000 30000
36.37045999931242 127.34824910550032 36.37040864364987 127.3481037479654 30000 30000
36.37040864364987 127.3481037479654 36.3703914364593 127.34786638974795 60000 30000
36.3703914364593 127.34786638974795 36.37035488196496 127.34772187618468 30000 30000
36.37035488196496 127.34772187618468 36.370304200443435 127.34755360436327 30000 30000
36.370304200443435 127.34755360436327 36.37025660076165 127.34739638265513 30000 30000
36.37025660076165 127.34739638265513 36.37017577585901 127.34800671475656 30000 30000
36.37017577585901 127.34800671475656 36.370127869824 127.34791909210789 30000 120000
36.370127869824 127.34791909210789 36.370215585132144 127.34787316295358 30000 60000
36.370215585132144 127.34787316295358 36.370147258425405 127.34796777029948 30000 60000
36.370147258425405 127.34796777029948 36.37024569403599 127.34778694676011 30000 30000
36.37024569403599 127.34778694676011 36.37034412964657 127.34760612322074 30000 30000
36.37034412964657 127.34760612322074 36.37031606036851 127.34736888320666 30000 30000
36.37031606036851 127.34736888320666 36.370269496996876 127.34783258453841 600000 30000
36.370269496996876 127.34783258453841 36.37010138723334 127.3485249350833 210000 30000
36.37010138723334 127.3485249350833 36.37003811455388 127.348421687699 30000 120000
36.37003811455388 127.348421687699 36.36754271590388 127.34880396621266 330000 90000
36.36754271590388 127.34880396621266 36.37035242476078 127.34882812700917 300000 450000
36.37035242476078 127.34882812700917 36.36986084929214 127.34818012697943 90000 30000
36.36986084929214 127.34818012697943 36.37029456071855 127.34815137584718 30000 30000
36.37029456071855 127.34815137584718 36.37007906156069 127.34826912904242 120000 30000
36.37007906156069 127.34826912904242 36.37010686526936 127.34832322299309 60000 30000
36.37010686526936 127.34832322299309 36.37014450107045 127.34811344411149 60000 30000
36.37014450107045 127.34811344411149 36.37021849569038 127.34834198587156 60000 30000
36.37021849569038 127.34834198587156 36.370391199001666 127.34819519736327 270000 30000
36.370391199001666 127.34819519736327 36.37026978335587 127.34815346303263 30000 60000
36.37026978335587 127.34815346303263 36.370139201118505 127.3474020450709 330000 60000
36.370139201118505 127.3474020450709 36.37010803492842 127.34753369037024 30000 30000
36.37010803492842 127.34753369037024 36.37012979334321 127.34801424443914 240000 30000
36.37012979334321 127.34801424443914 36.370241250023795 127.34814824235055 30000 30000
36.370241250023795 127.34814824235055 36.36989326005809 127.34798447633179 30000 30000
36.36989326005809 127.34798447633179 36.37083373455981 127.34836978943281 570000 30000
36.37083373455981 127.34836978943281 36.37012709354026 127.34815467426353 150000 30000
36.37012709354026 127.34815467426353 36.370249591159435 127.34816506423941 30000 30000
36.370249591159435 127.34816506423941 36.37070742606578 127.34800657564404 90000 30000
36.37070742606578 127.34800657564404 36.36981939893028 127.34828566610196 180000 30000
36.36981939893028 127.34828566610196 36.370201800967465 127.34776810068256 390000 30000
36.370201800967465 127.34776810068256 36.37014961032816 127.34810955380516 60000 30000
36.37014961032816 127.34810955380516 36.37016803352796 127.34829337236906 30000 30000
36.37016803352796 127.34829337236906 36.37074046825341 127.34864250904543 450000 30000
36.37074046825341 127.34864250904543 36.37019765064241 127.34819854307523 120000 30000
36.37019765064241 127.34819854307523 36.37018911348951 127.3483603236417 660000 30000
36.37018911348951 127.3483603236417 36.370344380864 127.34904294549753 30000 60000
36.370344380864 127.34904294549753 36.370078063744025 127.34780512923226 180000 30000
36.370078063744025 127.34780512923226 36.37037547374122 127.3489326041967 120000 60000
36.37037547374122 127.3489326041967 36.37038006733994 127.3488178195254 120000 300000
36.37038006733994 127.3488178195254 36.37038433857293 127.34842464908513 120000 30000
36.37038433857293 127.34842464908513 36.37038987909708 127.34837021821163 30000 30000
36.37038987909708 127.34837021821163 36.36765921525927 127.34902564289301 420000 10980000
36.36765921525927 127.34902564289301 36.36764701007963 127.34905948989591 30000 390000
36.36764701007963 127.34905948989591 36.36766174808393 127.34901935234402 30000 450000
36.36766174808393 127.34901935234402 36.36783195530644 127.3492926256258 60000 30000
36.36783195530644 127.3492926256258 36.3686472093242 127.36639504443266 930000 30000
36.3686472093242 127.36639504443266 36.36854099100884 127.36639405516175 90000 30000
36.36854099100884 127.36639405516175 36.368608767677244 127.36639685854934 90000 30000
36.368608767677244 127.36639685854934 36.36866362293069 127.3665005937168 30000 30000
36.36866362293069 127.3665005937168 36.368620130937884 127.3664329763928 210000 60000
36.368620130937884 127.3664329763928 36.36862612148016 127.36616459576406 210000 30000
36.36862612148016 127.36616459576406 36.36850604955893 127.36647425776171 150000 60000
36.36850604955893 127.36647425776171 36.36859970186579 127.36636898527324 30000 60000
36.36859970186579 127.36636898527324 36.36868193315962 127.36627655089313 30000 30000
36.36868193315962 127.36627655089313 36.368604899287625 127.36643561491267 60000 30000
36.368604899287625 127.36643561491267 36.368626037292756 127.36633290285536 30000 360000
36.368626037292756 127.36633290285536 36.36846460235074 127.36616232001758 60000 30000
36.36846460235074 127.36616232001758 36.36843308024092 127.3666041636872 300000 30000
36.36843308024092 127.3666041636872 36.36815521692353 127.36643727104837 690000 30000
36.36815521692353 127.36643727104837 36.36678383497431 127.36533345139175 540000 30000
36.36678383497431 127.36533345139175 36.36857251445043 127.36604344610001 180000 30000
36.36857251445043 127.36604344610001 36.36851479906608 127.36625387279423 120000 30000
36.36851479906608 127.36625387279423 36.3687944885057 127.36634029090618 210000 30000
36.3687944885057 127.36634029090618 36.36885075923401 127.36617857949204 30000 30000
36.36885075923401 127.36617857949204 36.36863282382568 127.36659245438858 420000 30000
36.36863282382568 127.36659245438858 36.368709908813585 127.36641005231905 210000 30000
36.368709908813585 127.36641005231905 36.368786953353684 127.36634144542796 30000 30000
36.368786953353684 127.36634144542796 36.36819678064146 127.36647511229084 120000 30000
36.36819678064146 127.36647511229084 36.36821935896627 127.36643896308871 30000 60000
36.36821935896627 127.36643896308871 36.368256345183745 127.3665730487674 210000 30000
36.368256345183745 127.3665730487674 36.36823270525678 127.36656040485245 210000 60000
36.36823270525678 127.36656040485245 36.36819066381993 127.36667145129098 30000 60000
36.36819066381993 127.36667145129098 36.368284753325945 127.36656878825796 90000 30000
36.368284753325945 127.36656878825796 36.368207990843345 127.36713693930544 60000 30000
36.368207990843345 127.36713693930544 36.36810463345627 127.36729608766406 30000 30000
36.36810463345627 127.36729608766406 36.36833634678417 127.36689035156536 120000 30000
36.36833634678417 127.36689035156536 36.36836068512744 127.36698919611518 210000 30000
36.36836068512744 127.36698919611518 36.36820049591355 127.36718781751176 60000 30000
36.36820049591355 127.36718781751176 36.368190825047805 127.36751831808022 30000 30000
36.368190825047805 127.36751831808022 36.368096937064244 127.36828767204551 90000 30000
36.368096937064244 127.36828767204551 36.36823909876252 127.36731414644731 60000 30000
36.36823909876252 127.36731414644731 36.3682018659569 127.36723927266019 90000 30000
36.3682018659569 127.36723927266019 36.36828294003975 127.36662197521763 330000 30000
36.36828294003975 127.36662197521763 36.36822813848123 127.36689739240387 210000 30000
36.36822813848123 127.36689739240387 36.36816527781991 127.36679514164103 120000 30000
36.36816527781991 127.36679514164103 36.36811893822464 127.36700953829722 120000 30000
36.36811893822464 127.36700953829722 36.36818059001065 127.36681493221113 30000 30000
36.36818059001065 127.36681493221113 36.36826964258289 127.36663434426922 90000 30000
36.36826964258289 127.36663434426922 36.36822257771614 127.36669635445399 120000 30000
36.36822257771614 127.36669635445399 36.3681510938783 127.36680223322563 30000 30000
36.3681510938783 127.36680223322563 36.36832186526711 127.36708705089956 60000 30000
36.36832186526711 127.36708705089956 36.36824252384278 127.36731274463116 150000 30000
36.36824252384278 127.36731274463116 36.368266177233565 127.36727588506605 60000 30000
36.368266177233565 127.36727588506605 36.36833161673488 127.36714774167795 30000 30000
36.36833161673488 127.36714774167795 36.36796509093044 127.36659022814831 360000 30000
36.36796509093044 127.36659022814831 36.36816483459698 127.36623754569298 120000 30000
36.36816483459698 127.36623754569298 36.36808393508005 127.3666516058559 270000 30000
36.36808393508005 127.3666516058559 36.36816165126891 127.3664537561778 390000 60000
36.36816165126891 127.3664537561778 36.36819694992858 127.36692724292597 180000 30000
36.36819694992858 127.36692724292597 36.36820670137214 127.36673659494517 30000 30000
36.36820670137214 127.36673659494517 36.36825001879391 127.36675918898061 240000 30000
36.36825001879391 127.36675918898061 36.36823240973244 127.36670064223694 30000 90000
36.36823240973244 127.36670064223694 36.36824570719179 127.36671791191597 90000 30000
36.36824570719179 127.36671791191597 36.36823160389448 127.36675742997079 120000 30000
36.36823160389448 127.36675742997079 36.368205456715344 127.36687815170953 270000 60000
36.368205456715344 127.36687815170953 36.36819545900491 127.36682243608243 180000 30000
36.36819545900491 127.36682243608243 36.368230797940996 127.36657909587512 30000 30000
36.368230797940996 127.36657909587512 36.36832339652133 127.36669602439137 30000 30000
36.36832339652133 127.36669602439137 36.36804398906037 127.36677238264292 240000 30000
36.36804398906037 127.36677238264292 36.36825251711886 127.36683117678507 60000 30000
36.36825251711886 127.36683117678507 36.36823708400362 127.3669066279034 30000 30000
36.36823708400362 127.3669066279034 36.36829518981062 127.36701300163026 90000 30000
36.36829518981062 127.36701300163026 36.3682941958791 127.3666890428553 390000 30000
36.3682941958791 127.3666890428553 36.36824788316797 127.36669552969624 30000 60000
36.36824788316797 127.36669552969624 36.36830590835527 127.36683241374138 60000 30000
36.36830590835527 127.36683241374138 36.368155607000375 127.36631077023972 60000 90000
36.368155607000375 127.36631077023972 36.36817857533451 127.36637954212122 30000 30000
36.36817857533451 127.36637954212122 36.368253766242 127.36657480790899 270000 570000
36.368253766242 127.36657480790899 36.36828358476749 127.36658470320131 30000 30000
36.36828358476749 127.36658470320131 36.36824980967018 127.36654168767333 30000 30000
36.36824980967018 127.36654168767333 36.368071551041524 127.36625123402249 150000 1860000
36.368071551041524 127.36625123402249 36.36911294205146 127.36463556285457 240000 30000
36.36911294205146 127.36463556285457 36.36908795899528 127.36454958426737 30000 60000
36.36908795899528 127.36454958426737 36.369136313285914 127.36467492386686 30000 30000
36.369136313285914 127.36467492386686 36.36919264615533 127.36479556320532 30000 30000
36.36919264615533 127.36479556320532 36.36919151789179 127.36493137529239 30000 90000
36.36919151789179 127.36493137529239 36.36918147633627 127.36484274698273 30000 30000
36.36918147633627 127.36484274698273 36.36695435114569 127.356118189659 300000 120000
