36.37068131461364 127.34804533203291 36.37065136191065 127.34807391817945 30000 30000
36.37065136191065 127.34807391817945 36.37063900477631 127.34813438908911 60000 60000
36.37063900477631 127.34813438908911 36.37070186526206 127.34809233428311 150000 30000
36.37070186526206 127.34809233428311 36.370703074266885 127.34795874869849 30000 30000
36.370703074266885 127.34795874869849 36.37067177827151 127.34816792287164 60000 30000
36.37067177827151 127.34816792287164 36.37066533098017 127.3480557770046 30000 150000
36.37066533098017 127.3480557770046 36.370702268314716 127.34829188808722 60000 60000
36.370702268314716 127.34829188808722 36.37068695608055 127.3481319152254 30000 30000
36.37068695608055 127.3481319152254 36.37069098561416 127.34804698114547 120000 30000
36.37069098561416 127.34804698114547 36.370733698586285 127.34823993813173 30000 30000
36.370733698586285 127.34823993813173 36.37072040115176 127.34811459856633 90000 30000
36.37072040115176 127.34811459856633 36.37080542426587 127.34843536893767 60000 30000
36.37080542426587 127.34843536893767 36.370663504259326 127.34812383414756 60000 30000
36.370663504259326 127.34812383414756 36.3707045518101 127.34817671861317 30000 120000
36.3707045518101 127.34817671861317 36.37068453837661 127.34815170570408 90000 60000
36.37068453837661 127.34815170570408 36.37064545198744 127.34805440258094 30000 30000
36.37064545198744 127.34805440258094 36.37064384021316 127.34818468978699 90000 30000
36.37064384021316 127.34818468978699 36.37067043504682 127.34816984697119 60000 30000
36.37067043504682 127.34816984697119 36.370709118497594 127.34827512120826 60000 30000
36.370709118497594 127.34827512120826 36.37066398792214 127.34825478100421 210000 60000
36.37066398792214 127.34825478100421 36.370680911895235 127.34838012053669 30000 30000
36.370680911895235 127.34838012053669 36.370694209195676 127.34825807941421 30000 30000
36.370694209195676 127.34825807941421 36.37075545806712 127.34824158737754 60000 30000
36.37075545806712 127.34824158737754 36.37081106556681 127.34834383800049 60000 30000
36.37081106556681 127.34834383800049 36.370734504477696 127.34804368277833 60000 30000
36.370734504477696 127.34804368277833 36.37058299431374 127.34767755933366 30000 30000
36.37058299431374 127.34767755933366 36.37072040107239 127.34823993810375 30000 30000
36.37072040107239 127.34823993810375 36.370678897105435 127.34811130013537 90000 30000
36.370678897105435 127.34811130013537 36.3706377153285 127.34809216941929 90000 30000
36.3706377153285 127.34809216941929 36.37048346499644 127.34779217899992 90000 120000
36.37048346499644 127.34779217899992 36.37058299418853 127.34793401065215 30000 30000
36.37058299418853 127.34793401065215 36.371474648007094 127.34606018411975 330000 30000
36.371474648007094 127.34606018411975 36.37154711616225 127.34609994734566 30000 30000
36.37154711616225 127.34609994734566 36.37085112936387 127.34539188386904 570000 30000
36.37085112936387 127.34539188386904 36.37085839051579 127.34557656215449 30000 30000
36.37085839051579 127.34557656215449 36.370866768768025 127.34578965248383 30000 30000
36.370866768768025 127.34578965248383 36.37087514702024 127.34600274281317 30000 30000
36.37087514702024 127.34600274281317 36.37087465140264 127.34556789648107 480000 30000
36.37087465140264 127.34556789648107 36.37068639193675 127.34433280699848 90000 30000
36.37068639193675 127.34433280699848 36.37106814940678 127.34607304794335 120000 30000
36.37106814940678 127.34607304794335 36.37104856586944 127.34600444103032 30000 30000
36.37104856586944 127.34600444103032 36.371422828490445 127.3458146175461 180000 30000
36.371422828490445 127.3458146175461 36.371088216381224 127.34607271808211 300000 30000
36.371088216381224 127.34607271808211 36.37089568569039 127.34645632315832 60000 30000
36.37089568569039 127.34645632315832 36.37087924507732 127.34666989518998 90000 30000
36.37087924507732 127.34666989518998 36.37100972118492 127.34640552763356 240000 30000
36.37100972118492 127.34640552763356 36.37093598090271 127.34617759032898 120000 30000
36.37093598090271 127.34617759032898 36.37095854620315 127.3463748077242 30000 30000
36.37095854620315 127.3463748077242 36.371081607938265 127.34630937899549 60000 30000
36.371081607938265 127.34630937899549 36.37105735027551 127.34649310037676 30000 30000
36.37105735027551 127.34649310037676 36.3710058528559 127.34517423130018 150000 30000
36.3710058528559 127.34517423130018 36.37098207868613 127.3461147728132 180000 30000
36.37098207868613 127.3461147728132 36.37111722893143 127.34590928190573 180000 30000
36.37111722893143 127.34590928190573 36.37108652404902 127.34594078168276 30000 30000
36.37108652404902 127.34594078168276 36.370992152506574 127.3460395690928 30000 30000
36.370992152506574 127.3460395690928 36.37078237536305 127.34589015111484 30000 30000
36.37078237536305 127.34589015111484 36.37136520622677 127.3460145011968 60000 30000
36.37136520622677 127.3460145011968 36.37122546216506 127.34591967186628 30000 30000
36.37122546216506 127.34591967186628 36.37120362216223 127.34602241736967 30000 30000
36.37120362216223 127.34602241736967 36.37109055364007 127.3461231837349 30000 30000
36.37109055364007 127.3461231837349 36.37136294955777 127.3461444585117 180000 30000
36.37136294955777 127.3461444585117 36.37139921529726 127.34594935758057 30000 30000
36.37139921529726 127.34594935758057 36.37162148420539 127.34589377936481 30000 30000
36.37162148420539 127.34589377936481 36.371704626687574 127.34593083150885 60000 30000
36.371704626687574 127.34593083150885 36.37136141853796 127.34593451472463 120000 60000
36.37136141853796 127.34593451472463 36.37121417956318 127.34598728930104 30000 30000
36.37121417956318 127.34598728930104 36.370927760667406 127.34630805961254 300000 30000
36.370927760667406 127.34630805961254 36.37092499375018 127.3466647276598 30000 30000
36.37092499375018 127.3466647276598 36.370970957179225 127.34584430327394 30000 60000
36.370970957179225 127.34584430327394 36.3709350944153 127.34620003672995 120000 30000
36.3709350944153 127.34620003672995 36.370885531213844 127.34649557423529 90000 30000
36.370885531213844 127.34649557423529 36.37104303202556 127.34640877109022 90000 30000
36.37104303202556 127.34640877109022 36.37100593357549 127.34655824401187 30000 60000
36.37100593357549 127.34655824401187 36.37091760623022 127.34601483100535 270000 30000
36.37091760623022 127.34601483100535 36.37083508152895 127.3460204382902 180000 30000
36.37083508152895 127.3460204382902 36.37086143470657 127.34514825629003 510000 30000
36.37086143470657 127.34514825629003 36.37098562469396 127.34592800034278 150000 30000
36.37098562469396 127.34592800034278 36.371030030065896 127.34578394229584 30000 30000
36.371030030065896 127.34578394229584 36.37100544995387 127.34609654910108 60000 30000
36.37100544995387 127.34609654910108 36.371205878726784 127.34719038417245 180000 30000
36.371205878726784 127.34719038417245 36.37102467089201 127.34612862609961 90000 30000
36.37102467089201 127.34612862609961 36.37097915715551 127.34561006455237 60000 30000
36.37097915715551 127.34561006455237 36.370459972820775 127.34760614874486 240000 30000
36.370459972820775 127.34760614874486 36.37038679662612 127.3475350680267 60000 30000
36.37038679662612 127.3475350680267 36.37037535276799 127.34760515918146 60000 30000
36.37037535276799 127.34760515918146 36.375889559425644 127.34941854239409 120000 30000
36.375889559425644 127.34941854239409 36.3603629845377 127.322804416922 450000 30000
36.3603629845377 127.322804416922 36.360348773706484 127.32271437034943 30000 30000
36.360348773706484 127.32271437034943 36.36033876706335 127.32277184513109 30000 60000
36.36033876706335 127.32277184513109 36.36048850427888 127.32290526581656 30000 30000
36.36048850427888 127.32290526581656 36.3603903584262 127.32286571238194 30000 30000
36.3603903584262 127.32286571238194 36.36040400511061 127.3226601939707 270000 60000
36.36040400511061 127.3226601939707 36.36034207127048 127.32293338473316 120000 30000
36.36034207127048 127.32293338473316 36.360349157470615 127.32291345293889 180000 30000
36.360349157470615 127.32291345293889 36.36035065415028 127.32282680487762 30000 180000
36.36035065415028 127.32282680487762 36.360360768279484 127.32287986804481 60000 90000
36.360360768279484 127.32287986804481 36.36040076132711 127.32290757470678 30000 90000
36.36040076132711 127.32290757470678 36.36033986846241 127.32290963620751 30000 90000
36.36033986846241 127.32290963620751 36.36031701337107 127.32282465503286 30000 150000
36.36031701337107 127.32282465503286 36.36045650984859 127.32280944699855 30000 180000
36.36045650984859 127.32280944699855 36.36040086209465 127.32279250142865 30000 30000
36.36040086209465 127.32279250142865 36.36041556982556 127.32274570524581 30000 90000
36.36041556982556 127.32274570524581 36.36041058667002 127.32277572077136 60000 30000
36.36041058667002 127.32277572077136 36.36035367996607 127.32284656161664 90000 60000
36.36035367996607 127.32284656161664 36.360370130221504 127.32286378830821 30000 300000
36.360370130221504 127.32286378830821 36.36034896178384 127.32276648520704 30000 60000
36.36034896178384 127.32276648520704 36.36034858569285 127.32276950877078 60000 30000
36.36034858569285 127.32276950877078 36.36027965388947 127.32272236900899 120000 60000
36.36027965388947 127.32272236900899 36.360317531448416 127.32275246698758 60000 30000
36.360317531448416 127.32275246698758 36.360370882392644 127.32267544909938 30000 30000
36.360370882392644 127.32267544909938 36.3603688139005 127.32286846106484 30000 30000
36.3603688139005 127.32286846106484 36.360461546754465 127.3227508177637 30000 60000
36.360461546754465 127.3227508177637 36.36050248676267 127.32304668511945 30000 30000
36.36050248676267 127.32304668511945 36.36039505955638 127.3229069974845 30000 30000
36.36039505955638 127.3229069974845 36.36041633545887 127.32293157061156 30000 30000
36.36041633545887 127.32293157061156 36.36036880314739 127.32286368935688 30000 30000
36.36036880314739 127.32286368935688 36.360339895326156 127.32284935776241 30000 120000
36.360339895326156 127.32284935776241 36.36039530132504 127.32273993301693 30000 90000
36.36039530132504 127.32273993301693 36.36033929088448 127.32286395322782 30000 30000
36.36033929088448 127.32286395322782 36.36036158224497 127.3228140812716 30000 90000
36.36036158224497 127.3228140812716 36.36034436809538 127.32278962905445 30000 120000
36.36034436809538 127.32278962905445 36.36032767434692 127.32282682255568 60000 60000
36.36032767434692 127.32282682255568 36.36032889471137 127.32282780265606 30000 180000
36.36032889471137 127.32282780265606 36.36038482455663 127.32275918374097 30000 120000
36.36038482455663 127.32275918374097 36.360335632091605 127.32279798503392 30000 300000
36.360335632091605 127.32279798503392 36.36037255464582 127.32282276434 30000 120000
36.36037255464582 127.32282276434 36.360418608112575 127.3227971274475 30000 210000
36.360418608112575 127.3227971274475 36.360309472390014 127.32274751937138 30000 120000
36.360309472390014 127.32274751937138 36.36039191652206 127.32278525317824 30000 30000
36.36039191652206 127.32278525317824 36.36044317212222 127.32282024930839 30000 120000
36.36044317212222 127.32282024930839 36.3603536628896 127.32283305811785 30000 30000
36.3603536628896 127.32283305811785 36.360394529963784 127.32288565204752 30000 60000
36.360394529963784 127.32288565204752 36.36033477783127 127.32285628441275 30000 390000
36.36033477783127 127.32285628441275 36.36038952566479 127.32279831487394 30000 90000
36.36038952566479 127.32279831487394 36.36029440197093 127.32276912394813 60000 150000
36.36029440197093 127.32276912394813 36.36050925636782 127.32277808462787 30000 30000
36.36050925636782 127.32277808462787 36.36040982374366 127.32278000870781 30000 60000
36.36040982374366 127.32278000870781 36.36043769194792 127.32274323143164 30000 270000
36.36043769194792 127.32274323143164 36.36038301127885 127.32276879410597 30000 30000
36.36038301127885 127.32276879410597 36.37564045410262 127.34774270288442 510000 90000
36.37564045410262 127.34774270288442 36.3704524376034 127.34752137961274 120000 30000
36.3704524376034 127.34752137961274 36.37060628494214 127.34814912194211 210000 30000
36.37060628494214 127.34814912194211 36.37065923290821 127.34817858775588 90000 60000
36.37065923290821 127.34817858775588 36.37043922073732 127.34739950338994 30000 30000
36.37043922073732 127.34739950338994 36.37036668925401 127.34755997095678 30000 30000
36.37036668925401 127.34755997095678 36.37073925939306 127.34837047272785 60000 30000
36.37073925939306 127.34837047272785 36.37068940066141 127.34818166625551 90000 30000
36.37068940066141 127.34818166625551 36.37064484759331 127.34817153740356 60000 60000
36.37064484759331 127.34817153740356 36.3706224837259 127.34814554866819 30000 90000
36.3706224837259 127.34814554866819 36.37070702315154 127.34803584900753 90000 60000
36.37070702315154 127.34803584900753 36.3707368416056 127.34778541727518 60000 30000
36.3707368416056 127.34778541727518 36.370605620083204 127.3482855386944 300000 30000
36.370605620083204 127.3482855386944 36.37078128729944 127.34819277088506 60000 90000
36.37078128729944 127.34819277088506 36.37059488140609 127.34834111683881 150000 30000
36.37059488140609 127.34834111683881 36.37070134150636 127.34822707433355 30000 30000
36.37070134150636 127.34822707433355 36.37059066195162 127.34832364708821 120000 30000
36.37059066195162 127.34832364708821 36.37062453866146 127.34828298241672 30000 180000
36.37062453866146 127.34828298241672 36.370532141636346 127.34827523110201 30000 30000
36.370532141636346 127.34827523110201 36.37064237612223 127.34835263381957 60000 30000
36.37064237612223 127.34835263381957 36.37071334949885 127.34845169606055 120000 150000
36.37071334949885 127.34845169606055 36.37060915937795 127.34832052926596 90000 30000
36.37060915937795 127.34832052926596 36.370615270795646 127.34829638220762 60000 60000
36.370615270795646 127.34829638220762 36.37067312133269 127.34820695406366 150000 90000
36.37067312133269 127.34820695406366 36.37061539168215 127.34821025244457 30000 60000
36.37061539168215 127.34821025244457 36.37060564026335 127.34820085199524 510000 30000
36.37060564026335 127.34820085199524 36.37060660737417 127.34847280590873 90000 30000
36.37060660737417 127.34847280590873 36.370653591670504 127.34832289318157 30000 30000
36.370653591670504 127.34832289318157 36.37073273150483 127.34827358193786 60000 30000
36.37073273150483 127.34827358193786 36.37062425666613 127.3482188283086 90000 30000
36.37062425666613 127.3482188283086 36.37069219453675 127.3482998043255 30000 30000
36.37069219453675 127.3482998043255 36.37068921259319 127.34837137977655 30000 30000
36.37068921259319 127.34837137977655 36.37075545803454 127.34824851400109 30000 30000
36.37075545803454 127.34824851400109 36.37067381979409 127.34807468779837 90000 30000
36.37067381979409 127.34807468779837 36.37066858146011 127.34823482562436 30000 30000
36.37066858146011 127.34823482562436 36.370627963874725 127.34831926484436 30000 30000
36.370627963874725 127.34831926484436 36.3706606030043 127.34826731497394 30000 30000
36.3706606030043 127.34826731497394 36.370586137314156 127.34823977320619 630000 60000
36.370586137314156 127.34823977320619 36.37056429734769 127.34809183956173 30000 30000
36.37056429734769 127.34809183956173 36.370640374859505 127.34825197737098 150000 30000
36.370640374859505 127.34825197737098 36.3705664732791 127.34824059784344 30000 30000
36.3705664732791 127.34824059784344 36.3706263519648 127.34827160289814 30000 30000
36.3706263519648 127.34827160289814 36.370694612231226 127.34836222668145 90000 30000
36.370694612231226 127.34836222668145 36.37062554609776 127.34827242746297 180000 90000
36.37062554609776 127.34827242746297 36.37064984414215 127.3482720976735 60000 30000
36.37064984414215 127.3482720976735 36.370743208338254 127.34812960629856 60000 90000
36.370743208338254 127.34812960629856 36.37059725878619 127.3482255900903 120000 30000
36.37059725878619 127.3482255900903 36.37074651248632 127.34842761762252 60000 30000
36.37074651248632 127.34842761762252 36.370743208383466 127.34827869449177 60000 30000
36.370743208383466 127.34827869449177 36.37060040174113 127.34808936573148 30000 30000
36.37060040174113 127.34808936573148 36.37066995153762 127.34831192600123 30000 30000
36.37066995153762 127.34831192600123 36.37070871547444 127.34805951515708 60000 90000
36.37070871547444 127.34805951515708 36.37080695541174 127.34809645736547 240000 30000
36.37080695541174 127.34809645736547 36.370902938711694 127.3473449146918 150000 30000
36.370902938711694 127.3473449146918 36.370742402383556 127.34785930167538 120000 30000
36.370742402383556 127.34785930167538 36.37067261100141 127.34778046969183 30000 30000
36.37067261100141 127.34778046969183 36.37055760834174 127.34807138942784 30000 30000
36.37055760834174 127.34807138942784 36.37062731906747 127.3483832540391 150000 30000
36.37062731906747 127.3483832540391 36.37060104659702 127.34829238289727 30000 30000
36.37060104659702 127.34829238289727 36.37067986408823 127.34832701624146 90000 30000
36.37067986408823 127.34832701624146 36.37045622540411 127.34882161271366 60000 30000
36.37045622540411 127.34882161271366 36.3675386863097 127.34867202986392 300000 30000
36.3675386863097 127.34867202986392 36.36686644024557 127.34833171639386 120000 3930000
36.36686644024557 127.34833171639386 36.36711765442295 127.34828199291213 30000 30000
36.36711765442295 127.34828199291213 36.36726145482856 127.34847250356067 60000 60000
36.36726145482856 127.34847250356067 36.3672292185532 127.34846752845881 30000 150000
36.3672292185532 127.34846752845881 36.36760432728152 127.34850438816574 120000 570000
36.36760432728152 127.34850438816574 36.36667298266785 127.34789409993974 150000 30000
36.36667298266785 127.34789409993974 36.367743990743534 127.34872818524232 240000 30000
36.367743990743534 127.34872818524232 36.36808577521755 127.34885962688831 120000 30000
36.36808577521755 127.34885962688831 36.367144235895935 127.34841871198078 360000 30000
36.367144235895935 127.34841871198078 36.36731682057557 127.34858816772169 150000 30000
36.36731682057557 127.34858816772169 36.36704805105935 127.34843025638179 300000 30000
36.36704805105935 127.34843025638179 36.366121582121764 127.34772332472173 330000 30000
36.366121582121764 127.34772332472173 36.36772001508688 127.34919317852602 60000 30000
36.36772001508688 127.34919317852602 36.36779491879709 127.34851698170161 60000 360000
