36.36928862949499 127.34797919884312 36.369394162848025 127.34785286976356 30000 30000
36.369394162848025 127.34785286976356 36.3691648423639 127.34791092176715 30000 30000
36.3691648423639 127.34791092176715 36.36921162518735 127.34811550564757 90000 30000
36.36921162518735 127.34811550564757 36.36939914562754 127.34869095801095 450000 30000
36.36939914562754 127.34869095801095 36.36938526153073 127.34846781704653 270000 30000
36.36938526153073 127.34846781704653 36.36943475483154 127.34755514682725 570000 30000
36.36943475483154 127.34755514682725 36.36941993371616 127.34745923125207 30000 90000
36.36941993371616 127.34745923125207 36.36899205619179 127.35006709208372 330000 30000
36.36899205619179 127.35006709208372 36.36730859225816 127.36608898511979 510000 8550000
36.36730859225816 127.36608898511979 36.36817755178742 127.37947364305211 600000 30000
36.36817755178742 127.37947364305211 36.36948451685004 127.37884250058788 120000 30000
36.36948451685004 127.37884250058788 36.36933432827172 127.37884293759728 30000 30000
36.36933432827172 127.37884293759728 36.369230088529456 127.37894998745594 30000 30000
36.369230088529456 127.37894998745594 36.36933973599493 127.37899809479887 60000 30000
36.36933973599493 127.37899809479887 36.36921824571442 127.37914602848878 60000 30000
36.36921824571442 127.37914602848878 36.369340461481265 127.37876719297259 360000 30000
36.369340461481265 127.37876719297259 36.36944251623804 127.37878093389193 120000 30000
36.36944251623804 127.37878093389193 36.369238981669696 127.37887809866064 90000 30000
36.369238981669696 127.37887809866064 36.36925741680521 127.37898469498657 90000 30000
36.36925741680521 127.37898469498657 36.36955535193465 127.37909252826708 90000 30000
36.36955535193465 127.37909252826708 36.36952222230813 127.37896425621265 60000 30000
36.36952222230813 127.37896425621265 36.369400333163334 127.37894268274714 30000 60000
36.369400333163334 127.37894268274714 36.369277261108266 127.37891762888172 30000 60000
36.369277261108266 127.37891762888172 36.36917470106238 127.37889675066054 30000 60000
36.36917470106238 127.37889675066054 36.36992967799044 127.37938880883104 60000 30000
36.36992967799044 127.37938880883104 36.36988022098298 127.37950403850925 30000 30000
36.36988022098298 127.37950403850925 36.36949761692911 127.37876703300324 270000 30000
36.36949761692911 127.37876703300324 36.37026693428523 127.37386356763811 420000 30000
36.37026693428523 127.37386356763811 36.367866488368705 127.3523668753958 540000 60000
36.367866488368705 127.3523668753958 36.36683368771172 127.35265415895219 120000 30000
36.36683368771172 127.35265415895219 36.36683509698088 127.35276429358342 30000 30000
36.36683509698088 127.35276429358342 36.368853942862174 127.34912818344849 1620000 30000
36.368853942862174 127.34912818344849 36.36866075663178 127.3488279374071 120000 30000
36.36866075663178 127.3488279374071 36.36909159373721 127.3488614739918 90000 30000
36.36909159373721 127.3488614739918 36.36906480135058 127.34898142339233 30000 30000
36.36906480135058 127.34898142339233 36.368999023277574 127.3489217112108 30000 150000
36.368999023277574 127.3489217112108 36.36888865451944 127.34895467056013 30000 30000
36.36888865451944 127.34895467056013 36.36932650712556 127.34799272229239 270000 30000
36.36932650712556 127.34799272229239 36.369469877661345 127.34784363424907 30000 13830000
36.369469877661345 127.34784363424907 36.369281497175436 127.34796377884496 60000 30000
