36.37111843784953 127.34589291349991 36.37122175489742 127.34594366782923 30000 90000
36.37122175489742 127.34594366782923 36.371158088372724 127.34588388409358 30000 30000
36.371158088372724 127.34588388409358 36.371112030924074 127.34585378615314 30000 30000
36.371112030924074 127.34585378615314 36.37081352356076 127.34572580780093 90000 30000
36.37081352356076 127.34572580780093 36.37075936666646 127.34543587764736 90000 30000
36.37075936666646 127.34543587764736 36.370695606173825 127.34531001580875 90000 30000
36.370695606173825 127.34531001580875 36.37076637817832 127.3453751044515 30000 60000
36.37076637817832 127.3453751044515 36.370834920383466 127.34552658391044 90000 30000
36.370834920383466 127.34552658391044 36.37078304688961 127.34537554420508 60000 30000
36.37078304688961 127.34537554420508 36.370973213691144 127.34504064565886 150000 60000
36.370973213691144 127.34504064565886 36.37097389878366 127.34561597076616 30000 30000
36.37097389878366 127.34561597076616 36.37109978135285 127.34585865131456 210000 30000
36.37109978135285 127.34585865131456 36.371092165381725 127.34584586991191 120000 30000
36.371092165381725 127.34584586991191 36.37104715547418 127.34609044698685 120000 30000
36.37104715547418 127.34609044698685 36.37122812158543 127.34659353700138 60000 30000
36.37122812158543 127.34659353700138 36.37106891488007 127.34614107759762 210000 30000
36.37106891488007 127.34614107759762 36.371079835020794 127.34621595152518 60000 30000
36.371079835020794 127.34621595152518 36.37101028541622 127.34587324680103 210000 30000
36.37101028541622 127.34587324680103 36.37159626718454 127.34566641997006 150000 30000
36.37159626718454 127.34566641997006 36.37139259485747 127.34668335267438 30000 30000
36.37139259485747 127.34668335267438 36.37308093545811 127.37450079562635 1290000 30000
36.37308093545811 127.37450079562635 36.37316572056428 127.37455953209503 30000 30000
36.37316572056428 127.37455953209503 36.424671259107406 127.4250971712919 2970000 30000
36.424671259107406 127.4250971712919 36.42502545803941 127.42299106503731 420000 3210000
36.42502545803941 127.42299106503731 36.42502397771448 127.42302485883756 30000 30000
36.42502397771448 127.42302485883756 36.425023198001355 127.42301702923605 30000 210000
36.425023198001355 127.42301702923605 36.42492229864579 127.42349106018257 60000 150000
36.42492229864579 127.42349106018257 36.42493133686585 127.4228588457699 30000 30000
36.42493133686585 127.4228588457699 36.425010831487334 127.42270894251966 60000 30000
36.425010831487334 127.42270894251966 36.424913836641345 127.42328716900307 90000 60000
36.424913836641345 127.42328716900307 36.42553083784057 127.42268004721493 270000 360000
36.42553083784057 127.42268004721493 36.42487151048148 127.42356019484632 360000 30000
36.42487151048148 127.42356019484632 36.42482890226093 127.42364735258333 30000 30000
36.42482890226093 127.42364735258333 36.42508992697589 127.42371456042201 60000 30000
36.42508992697589 127.42371456042201 36.42492928128878 127.4238269014901 60000 30000
36.42492928128878 127.4238269014901 36.424860800003145 127.4235168867298 90000 30000
36.424860800003145 127.4235168867298 36.42512730972524 127.42379338671444 60000 30000
36.42512730972524 127.42379338671444 36.42471169137771 127.42355486791945 60000 30000
36.42471169137771 127.42355486791945 36.42500110410636 127.4238928559557 120000 30000
36.42500110410636 127.4238928559557 36.42513297441007 127.42379433246501 120000 30000
36.42513297441007 127.42379433246501 36.42505394732551 127.42375299514327 90000 30000
36.42505394732551 127.42375299514327 36.42495874571637 127.42353426111136 180000 30000
36.42495874571637 127.42353426111136 36.425143828615155 127.42383283589494 60000 30000
36.425143828615155 127.42383283589494 36.42502984168589 127.42374047356611 90000 60000
36.42502984168589 127.42374047356611 36.42492756389159 127.42362041831636 180000 30000
36.42492756389159 127.42362041831636 36.425029060964235 127.42377265366491 90000 60000
36.425029060964235 127.42377265366491 36.42505210985679 127.42355128914846 30000 30000
36.42505210985679 127.42355128914846 36.42520539308054 127.42333062553732 510000 30000
36.42520539308054 127.42333062553732 36.42508599146301 127.42359015541119 90000 30000
36.42508599146301 127.42359015541119 36.42503611263672 127.42370157294363 60000 60000
36.42503611263672 127.42370157294363 36.424055285427656 127.4229875497033 390000 30000
36.424055285427656 127.4229875497033 36.424362758503655 127.42402931116366 270000 30000
36.424362758503655 127.42402931116366 36.424644567517184 127.42419820623796 90000 540000
36.424644567517184 127.42419820623796 36.42469581503617 127.42454147172437 30000 30000
36.42469581503617 127.42454147172437 36.42498719130269 127.42358217835846 210000 30000
36.42498719130269 127.42358217835846 36.424491413241796 127.42239410808637 180000 30000
36.424491413241796 127.42239410808637 36.42493101853994 127.42257644418069 60000 30000
36.42493101853994 127.42257644418069 36.4249289312439 127.42243555259759 60000 30000
36.4249289312439 127.42243555259759 36.424895875686076 127.42187802241095 60000 30000
36.424895875686076 127.42187802241095 36.424932307985976 127.42336032772009 120000 60000
36.424932307985976 127.42336032772009 36.424809189816756 127.42223756556709 60000 30000
36.424809189816756 127.42223756556709 36.4250585857878 127.4224719773871 630000 30000
36.4250585857878 127.4224719773871 36.42496631719395 127.42254248703634 210000 60000
36.42496631719395 127.42254248703634 36.42514630005614 127.42276730665984 90000 30000
36.42514630005614 127.42276730665984 36.42515769853043 127.42271798675516 30000 30000
36.42515769853043 127.42271798675516 36.4251563328047 127.42241344344978 30000 60000
36.4251563328047 127.42241344344978 36.425048163410956 127.42248558087925 30000 60000
36.425048163410956 127.42248558087925 36.42509216738881 127.4223630782874 120000 30000
36.42509216738881 127.4223630782874 36.42508026417053 127.42322872115876 120000 30000
36.42508026417053 127.42322872115876 36.425036898393145 127.42269460970962 60000 30000
36.425036898393145 127.42269460970962 36.425031547181305 127.42183605015539 120000 30000
36.425031547181305 127.42183605015539 36.42507304325061 127.42289523546732 30000 30000
36.42507304325061 127.42289523546732 36.42499587780787 127.42227175358455 420000 30000
36.42499587780787 127.42227175358455 36.42511469245077 127.42281613136416 450000 30000
36.42511469245077 127.42281613136416 36.425326407830624 127.42323675280187 270000 30000
36.425326407830624 127.42323675280187 36.424849626117584 127.4223628803754 270000 30000
36.424849626117584 127.4223628803754 36.42509161399723 127.42290683486765 30000 30000
36.42509161399723 127.42290683486765 36.42515731678631 127.4228037870668 30000 60000
36.42515731678631 127.4228037870668 36.425011512376756 127.42256588925096 210000 30000
36.425011512376756 127.42256588925096 36.424696645120655 127.42540458306738 600000 30000
36.424696645120655 127.42540458306738 36.42496557576137 127.42600786218702 90000 270000
36.42496557576137 127.42600786218702 36.42407255194122 127.42391056841318 180000 1020000
36.42407255194122 127.42391056841318 36.42399108972175 127.42374535517828 30000 390000
36.42399108972175 127.42374535517828 36.37068851150693 127.37387956495701 2130000 30000
36.37068851150693 127.37387956495701 36.36825359704892 127.36858151090524 330000 30000
36.36825359704892 127.36858151090524 36.373930999608056 127.35761596469906 450000 30000
