36.37121708081275 127.34600258562386 36.370960903555556 127.34595368674024 30000 90000
36.370960903555556 127.34595368674024 36.37090237463972 127.34593572417225 30000 90000
36.37090237463972 127.34593572417225 36.370957982022794 127.34587233967174 30000 60000
36.370957982022794 127.34587233967174 36.37107898881658 127.34591859991627 30000 60000
36.37107898881658 127.34591859991627 36.37108726951773 127.34596918924429 30000 30000
36.37108726951773 127.34596918924429 36.3709825353218 127.34601790949391 30000 90000
36.3709825353218 127.34601790949391 36.3709658799822 127.34590328977505 60000 60000
36.3709658799822 127.34590328977505 36.37087348289771 127.3458589811473 30000 60000
36.37087348289771 127.3458589811473 36.37078326193046 127.34584611737606 60000 30000
36.37078326193046 127.34584611737606 36.37107056706164 127.34581643163014 30000 30000
36.37107056706164 127.34581643163014 36.37089995696465 127.34574271222161 90000 30000
36.37089995696465 127.34574271222161 36.37100166217112 127.34583138446338 30000 30000
36.37100166217112 127.34583138446338 36.37098592015816 127.3455876869399 150000 60000
36.37098592015816 127.3455876869399 36.37107217892032 127.3456595923047 60000 60000
36.37107217892032 127.3456595923047 36.36941028083187 127.34618791502213 240000 60000
36.36941028083187 127.34618791502213 36.36956092887216 127.34631162186012 300000 30000
36.36956092887216 127.34631162186012 36.36927857173215 127.34592196428721 900000 30000
36.36927857173215 127.34592196428721 36.36919272677255 127.34616375415408 30000 30000
36.36919272677255 127.34616375415408 36.36949609378334 127.34539296533734 330000 210000
36.36949609378334 127.34539296533734 36.36955980457445 127.3462349091967 150000 30000
36.36955980457445 127.3462349091967 36.36979614852805 127.34621263660237 240000 30000
36.36979614852805 127.34621263660237 36.36749660998441 127.34505134904228 750000 30000
36.36749660998441 127.34505134904228 36.36906674792225 127.34580087885388 630000 30000
36.36906674792225 127.34580087885388 36.36898431334574 127.34586302199938 30000 30000
36.36898431334574 127.34586302199938 36.36889677220255 127.34592901472028 30000 30000
36.36889677220255 127.34592901472028 36.36880923105936 127.34599500744119 30000 30000
36.36880923105936 127.34599500744119 36.36872168991617 127.34606100016208 30000 30000
36.36872168991617 127.34606100016208 36.36881959247178 127.34612757065938 270000 30000
36.36881959247178 127.34612757065938 36.36837735989242 127.34606657478541 60000 30000
36.36837735989242 127.34606657478541 36.36907930357161 127.3460873877961 480000 30000
36.36907930357161 127.3460873877961 36.369213785086615 127.34617946291189 150000 30000
36.369213785086615 127.34617946291189 36.36958016587141 127.34600151365831 390000 30000
36.36958016587141 127.34600151365831 36.36953189211063 127.34597038489693 90000 30000
36.36953189211063 127.34597038489693 36.369036542229274 127.34621883764714 360000 30000
36.369036542229274 127.34621883764714 36.369335466069835 127.34609674148385 60000 30000
36.369335466069835 127.34609674148385 36.3683972174086 127.34672003096878 120000 150000
36.3683972174086 127.34672003096878 36.36843759332869 127.34669933343787 120000 90000
36.36843759332869 127.34669933343787 36.368680493244774 127.34652575459563 30000 30000
36.368680493244774 127.34652575459563 36.369598121346556 127.34593702151994 360000 210000
36.369598121346556 127.34593702151994 36.3694798788604 127.34588464275433 180000 30000
36.3694798788604 127.34588464275433 36.3693763200302 127.34604131721245 30000 30000
36.3693763200302 127.34604131721245 36.3692301744622 127.34612355761105 90000 30000
36.3692301744622 127.34612355761105 36.36927644421394 127.3459795875377 30000 60000
36.36927644421394 127.3459795875377 36.36913713536052 127.3464826939871 60000 30000
36.36913713536052 127.3464826939871 36.369289814165924 127.3462459835655 30000 30000
36.369289814165924 127.3462459835655 36.36941445551713 127.34602164221775 60000 30000
36.36941445551713 127.34602164221775 36.369167945160115 127.3464416122529 150000 30000
36.369167945160115 127.3464416122529 36.36943704509852 127.34631240254778 450000 30000
36.36943704509852 127.34631240254778 36.36919968975154 127.34630619603459 30000 60000
36.36919968975154 127.34630619603459 36.37246170787085 127.35462260822088 570000 30000
36.37246170787085 127.35462260822088 36.37247074753574 127.35464511985762 30000 60000
36.37247074753574 127.35464511985762 36.36934376946335 127.34832531747458 330000 2940000
36.36934376946335 127.34832531747458 36.36927024515945 127.3482551152625 30000 30000
36.36927024515945 127.3482551152625 36.36922317408395 127.34814120595323 30000 30000
36.36922317408395 127.34814120595323 36.36917610300845 127.34802729664393 30000 30000
36.36917610300845 127.34802729664393 36.36912903193296 127.34791338733466 30000 30000
36.36912903193296 127.34791338733466 36.36910730077538 127.34767308996885 30000 30000
36.36910730077538 127.34767308996885 36.36909538946637 127.34769640969228 30000 30000
36.36909538946637 127.34769640969228 36.369095937449714 127.34764160659127 30000 30000
36.369095937449714 127.34764160659127 36.369260108502786 127.34831703849164 90000 2670000
36.369260108502786 127.34831703849164 36.369241894983354 127.34828664363684 30000 30000
36.369241894983354 127.34828664363684 36.36927917891358 127.34834172707248 30000 30000
36.36927917891358 127.34834172707248 36.373709552856205 127.35755169502106 360000 60000
36.373709552856205 127.35755169502106 36.3743735146731 127.35804538809666 90000 30000
36.3743735146731 127.35804538809666 36.3748566063888 127.35759938997377 1200000 30000
36.3748566063888 127.35759938997377 36.374509035312485 127.35765147197822 690000 30000
36.374509035312485 127.35765147197822 36.37456749844094 127.35771446600363 30000 30000
36.37456749844094 127.35771446600363 36.37456249499616 127.35775702926122 30000 60000
36.37456249499616 127.35775702926122 36.37470004288233 127.35817834346534 60000 90000
36.37470004288233 127.35817834346534 36.37386214311652 127.35852730696365 1080000 30000
36.37386214311652 127.35852730696365 36.374151475064295 127.35828533549866 60000 30000
36.374151475064295 127.35828533549866 36.37384127809307 127.35831051894625 60000 30000
36.37384127809307 127.35831051894625 36.374719752733334 127.35803967832794 1290000 30000
36.374719752733334 127.35803967832794 36.374690763088594 127.35796890274551 60000 60000
36.374690763088594 127.35796890274551 36.37411939675647 127.35791325535331 90000 30000
36.37411939675647 127.35791325535331 36.374953822526855 127.35765384664586 750000 30000
36.374953822526855 127.35765384664586 36.37452060898804 127.35787110677127 150000 30000
36.37452060898804 127.35787110677127 36.35417541105789 127.36128172779297 420000 60000
36.35417541105789 127.36128172779297 36.374657592176305 127.35806500976156 120000 30000
36.374657592176305 127.35806500976156 36.37420610338232 127.35748752463047 720000 30000
36.37420610338232 127.35748752463047 36.374764172778484 127.35786990067471 120000 360000
36.374764172778484 127.35786990067471 36.37478929429827 127.35789172257834 90000 30000
36.37478929429827 127.35789172257834 36.374400874712606 127.35773276117799 60000 60000
36.374400874712606 127.35773276117799 36.374529875974645 127.35779699768429 840000 30000
36.374529875974645 127.35779699768429 36.37476798090134 127.35794682813584 270000 30000
36.37476798090134 127.35794682813584 36.37480984777956 127.3579673604286 30000 60000
36.37480984777956 127.3579673604286 36.374569244465775 127.3578381453099 30000 30000
36.374569244465775 127.3578381453099 36.37462142685532 127.35810366773944 90000 30000
36.37462142685532 127.35810366773944 36.37438286706978 127.35781542756087 90000 30000
36.37438286706978 127.35781542756087 36.374327013332866 127.35781339896607 30000 30000
36.374327013332866 127.35781339896607 36.374440347864265 127.35782806867621 30000 30000
36.374440347864265 127.35782806867621 36.37457500261606 127.35788975733294 30000 30000
36.37457500261606 127.35788975733294 36.37462052846918 127.35793482189615 90000 30000
36.37462052846918 127.35793482189615 36.37446097896269 127.35780497978418 150000 30000
36.37446097896269 127.35780497978418 36.37484588367363 127.35802580016818 60000 90000
36.37484588367363 127.35802580016818 36.374783091520456 127.35796438383784 30000 30000
36.374783091520456 127.35796438383784 36.37440587932717 127.35802022599357 30000 30000
36.37440587932717 127.35802022599357 36.3744839919966 127.35805571696167 30000 30000
36.3744839919966 127.35805571696167 36.37458141356348 127.35808362129252 30000 30000
36.37458141356348 127.35808362129252 36.37463477251346 127.35806192599496 30000 30000
36.37463477251346 127.35806192599496 36.374135780821106 127.35805942978766 90000 30000
36.374135780821106 127.35805942978766 36.37457337476712 127.35801621844324 120000 30000
36.37457337476712 127.35801621844324 36.37409791074765 127.35800417917304 60000 30000
36.37409791074765 127.35800417917304 36.37441314070911 127.35829258392187 60000 30000
