36.372649656031555 127.3541672790793 36.37051901962492 127.36032766392925 1260000 5640000
36.37051901962492 127.36032766392925 36.370612883895944 127.36024471861205 30000 30000
36.370612883895944 127.36024471861205 36.370695555559195 127.36021169074773 30000 30000
36.370695555559195 127.36021169074773 36.371916042584 127.35396625223397 630000 30000
36.371916042584 127.35396625223397 36.37196796984381 127.3540759792828 30000 60000
36.37196796984381 127.3540759792828 36.37195472595171 127.35414747238639 90000 60000
36.37195472595171 127.35414747238639 36.37194066287847 127.35426605025134 30000 30000
36.37194066287847 127.35426605025134 36.372012267605285 127.35483181009198 30000 30000
36.372012267605285 127.35483181009198 36.37217688642865 127.35493975388829 240000 7650000
36.37217688642865 127.35493975388829 36.372074943379126 127.35458826252636 180000 30000
36.372074943379126 127.35458826252636 36.372097481339914 127.35470858757537 30000 30000
36.372097481339914 127.35470858757537 36.37215168926497 127.3547625432564 30000 30000
36.37215168926497 127.3547625432564 36.369045979598155 127.3651420592771 990000 3960000
36.369045979598155 127.3651420592771 36.36820629839904 127.36629856614339 360000 30000
36.36820629839904 127.36629856614339 36.36823826599251 127.36625993550284 60000 30000
36.36823826599251 127.36625993550284 36.36819117763679 127.36632130444985 30000 600000
36.36819117763679 127.36632130444985 36.36826773113425 127.36623735488524 30000 90000
36.36826773113425 127.36623735488524 36.36815295509886 127.36646251890669 30000 90000
36.36815295509886 127.36646251890669 36.36813758915986 127.36635815472515 30000 60000
36.36813758915986 127.36635815472515 36.36811859281196 127.3662423177214 30000 30000
36.36811859281196 127.3662423177214 36.36809959646406 127.36612648071767 30000 30000
36.36809959646406 127.36612648071767 36.36840858069017 127.3659688076171 150000 30000
36.36840858069017 127.3659688076171 36.368101732163446 127.36593301988103 90000 30000
36.368101732163446 127.36593301988103 36.367692681159426 127.36510095373148 30000 30000
36.367692681159426 127.36510095373148 36.368537357273915 127.36602843317384 120000 30000
36.368537357273915 127.36602843317384 36.368392040315626 127.36598336488967 30000 60000
36.368392040315626 127.36598336488967 36.36824318092076 127.36592979977712 30000 30000
36.36824318092076 127.36592979977712 36.368094321525895 127.36587623466457 30000 30000
36.368094321525895 127.36587623466457 36.36802182664118 127.36584519972155 420000 30000
36.36802182664118 127.36584519972155 36.36824416382815 127.36540504349736 60000 30000
36.36824416382815 127.36540504349736 36.368167727419916 127.36554412076498 30000 30000
36.368167727419916 127.36554412076498 36.36809129101168 127.3656831980326 30000 30000
36.36809129101168 127.3656831980326 36.36801485460343 127.36582227530022 30000 30000
36.36801485460343 127.36582227530022 36.367938418195195 127.36596135256784 30000 30000
36.367938418195195 127.36596135256784 36.36792777748029 127.36602018027602 30000 30000
36.36792777748029 127.36602018027602 36.36788119616551 127.36646777452779 210000 30000
36.36788119616551 127.36646777452779 36.36798137018361 127.36615195167013 210000 30000
36.36798137018361 127.36615195167013 36.368048447266744 127.36610398443436 30000 30000
36.368048447266744 127.36610398443436 36.36799535267177 127.36614642701645 90000 30000
36.36799535267177 127.36614642701645 36.3680044594054 127.36619004838698 60000 30000
36.3680044594054 127.36619004838698 36.36802637296171 127.36630928886551 300000 30000
36.36802637296171 127.36630928886551 36.36810388054795 127.36637810429752 30000 30000
36.36810388054795 127.36637810429752 36.368089945812514 127.36639599274854 30000 120000
36.368089945812514 127.36639599274854 36.36812524058611 127.36633042740335 150000 90000
36.36812524058611 127.36633042740335 36.36824287675503 127.36627209403008 30000 60000
36.36824287675503 127.36627209403008 36.36830671425633 127.36633567318394 30000 30000
36.36830671425633 127.36633567318394 36.368173139571496 127.36638421668404 180000 30000
36.368173139571496 127.36638421668404 36.368200173496746 127.36630202948272 60000 120000
36.368200173496746 127.36630202948272 36.36826585486138 127.36644633471992 30000 30000
36.36826585486138 127.36644633471992 36.368238454038476 127.3663383118836 90000 30000
36.368238454038476 127.3663383118836 36.36831243620395 127.36637352257488 60000 30000
36.36831243620395 127.36637352257488 36.36788280794909 127.3664001570907 210000 30000
36.36788280794909 127.3664001570907 36.368243837220355 127.36656380140636 120000 30000
36.368243837220355 127.36656380140636 36.36805446576696 127.36641252589547 60000 60000
36.36805446576696 127.36641252589547 36.368230757639 127.36645334409063 90000 2100000
36.368230757639 127.36645334409063 36.36824002556431 127.36632058292051 60000 30000
36.36824002556431 127.36632058292051 36.368197111061754 127.36635892701433 30000 30000
36.368197111061754 127.36635892701433 36.36832706336955 127.36619565575376 60000 60000
36.36832706336955 127.36619565575376 36.372189840566264 127.35512540012397 840000 30000
36.372189840566264 127.35512540012397 36.372150261436204 127.35497839875376 30000 30000
36.372150261436204 127.35497839875376 36.37206115918298 127.35466018262201 60000 30000
36.37206115918298 127.35466018262201 36.371989050806164 127.35469103331755 60000 60000
36.371989050806164 127.35469103331755 36.371993216444025 127.35463782554554 540000 30000
36.371993216444025 127.35463782554554 36.37191346350414 127.35450196891827 30000 60000
36.37191346350414 127.35450196891827 36.371995545215235 127.35457107060408 480000 30000
36.371995545215235 127.35457107060408 36.37218662522273 127.3548874705179 120000 30000
36.37218662522273 127.3548874705179 36.37209350286149 127.35465864329112 360000 30000
36.37209350286149 127.35465864329112 36.371973825967736 127.35479057977615 60000 30000
36.371973825967736 127.35479057977615 36.37204482620093 127.35448415751122 120000 30000
36.37204482620093 127.35448415751122 36.37215058117792 127.35453206690653 90000 30000
36.37215058117792 127.35453206690653 36.36812063073104 127.36623886495364 840000 30000
36.36812063073104 127.36623886495364 36.36791939605845 127.36610445467997 60000 30000
36.36791939605845 127.36610445467997 36.36914775722161 127.36693796279603 240000 30000
36.36914775722161 127.36693796279603 36.36781269418895 127.36603494070965 270000 30000
36.36781269418895 127.36603494070965 36.368077511597896 127.36707977227715 270000 30000
36.368077511597896 127.36707977227715 36.36794539891824 127.36612437508825 210000 30000
36.36794539891824 127.36612437508825 36.36782699899834 127.36616885619253 30000 30000
36.36782699899834 127.36616885619253 36.367854923577475 127.3662955150908 30000 30000
36.367854923577475 127.3662955150908 36.36800877097363 127.36632140749717 240000 30000
36.36800877097363 127.36632140749717 36.3682784672662 127.36665759790932 30000 30000
36.3682784672662 127.36665759790932 36.368006393549834 127.36624298774126 30000 30000
36.368006393549834 127.36624298774126 36.36793551419949 127.3670659410833 390000 30000
36.36793551419949 127.3670659410833 36.36791993371024 127.36713891305604 90000 30000
36.36791993371024 127.36713891305604 36.36799007618221 127.36702783613816 30000 30000
36.36799007618221 127.36702783613816 36.36806021865418 127.3669167592203 30000 30000
36.36806021865418 127.3669167592203 36.36813036112614 127.36680568230244 30000 30000
36.36813036112614 127.36680568230244 36.368003784928106 127.36609096710112 240000 30000
36.368003784928106 127.36609096710112 36.36927460669712 127.36686704700358 360000 30000
36.36927460669712 127.36686704700358 36.36829116027785 127.36620307723334 210000 30000
36.36829116027785 127.36620307723334 36.36794639390486 127.36588807918281 90000 30000
36.36794639390486 127.36588807918281 36.3679601748789 127.36592766011097 30000 30000
36.3679601748789 127.36592766011097 36.36812925388146 127.36591743483035 30000 8130000
36.36812925388146 127.36591743483035 36.36822597633004 127.36595674214583 90000 30000
36.36822597633004 127.36595674214583 36.36774556223297 127.36634424912098 90000 30000
