36.37101362985302 127.34635783813098 36.37093784792449 127.34638950283848 60000 60000
36.37093784792449 127.34638950283848 36.37108423726197 127.34589114062832 360000 60000
36.37108423726197 127.34589114062832 36.371262574108165 127.34595930777397 120000 90000
36.371262574108165 127.34595930777397 36.37117135565171 127.34597636328574 30000 60000
36.37117135565171 127.34597636328574 36.36989027553708 127.3487304446217 840000 210000
36.36989027553708 127.3487304446217 36.370129511328805 127.34864811637522 2550000 60000
36.370129511328805 127.34864811637522 36.369954590399246 127.34835086004313 180000 450000
36.369954590399246 127.34835086004313 36.37003441446314 127.34804071412324 90000 510000
36.37003441446314 127.34804071412324 36.37194086441401 127.35343311928361 1680000 510000
36.37194086441401 127.35343311928361 36.36767708043059 127.35790572992808 540000 4890000
36.36767708043059 127.35790572992808 36.369952459193364 127.34862862272615 1050000 210000
36.369952459193364 127.34862862272615 36.36348216105672 127.35437563980481 480000 60000
36.36348216105672 127.35437563980481 36.36999363554732 127.34806297850356 690000 570000
36.36999363554732 127.34806297850356 36.36987524804618 127.34887488207129 90000 360000
36.36987524804618 127.34887488207129 36.36764840857981 127.35799330562757 450000 4350000
36.36764840857981 127.35799330562757 36.369528805381016 127.34853342757897 870000 4890000
36.369528805381016 127.34853342757897 36.369374813090815 127.34852859302384 60000 630000
36.369374813090815 127.34852859302384 36.369924891021775 127.34874339150842 240000 330000
36.369924891021775 127.34874339150842 36.3699310226475 127.34884006373925 30000 60000
36.3699310226475 127.34884006373925 36.36993736570859 127.34894006949526 30000 60000
36.36993736570859 127.34894006949526 36.369712813828365 127.34900838515418 990000 60000
36.369712813828365 127.34900838515418 36.369730502063966 127.3490783829131 90000 90000
36.369730502063966 127.3490783829131 36.36994286891099 127.34870308982504 420000 60000
36.36994286891099 127.34870308982504 36.36981577226325 127.34885086956355 240000 60000
36.36981577226325 127.34885086956355 36.36984295813581 127.34878362605082 30000 60000
36.36984295813581 127.34878362605082 36.369875154091986 127.34875667250309 120000 60000
36.369875154091986 127.34875667250309 36.369850076962074 127.34875885864189 300000 150000
36.369850076962074 127.34875885864189 36.3698604946271 127.34869565739577 210000 240000
36.3698604946271 127.34869565739577 36.36984341077108 127.34881716807121 30000 60000
36.36984341077108 127.34881716807121 36.36982978695916 127.34876099620371 30000 90000
36.36982978695916 127.34876099620371 36.369810746072915 127.34880300415922 180000 90000
36.369810746072915 127.34880300415922 36.369779631438824 127.34880712441688 30000 150000
36.369779631438824 127.34880712441688 36.369779882610636 127.34883372887634 690000 90000
36.369779882610636 127.34883372887634 36.369515814262606 127.34870160558022 390000 60000
36.369515814262606 127.34870160558022 36.369930716918425 127.34863715902824 1200000 60000
36.369930716918425 127.34863715902824 36.36991148701699 127.34862645682271 360000 120000
36.36991148701699 127.34862645682271 36.36975092370171 127.34902839001752 390000 60000
36.36975092370171 127.34902839001752 36.36992122095071 127.34891301162241 3330000 60000
36.36992122095071 127.34891301162241 36.36987838305284 127.34864146454618 750000 90000
36.36987838305284 127.34864146454618 36.36983605153724 127.34884644975853 240000 60000
36.36983605153724 127.34884644975853 36.369872432846854 127.34874203308688 300000 60000
36.369872432846854 127.34874203308688 36.3698792587821 127.34878813935966 540000 60000
36.3698792587821 127.34878813935966 36.369852363073186 127.34903747716726 360000 60000
36.369852363073186 127.34903747716726 36.36986559061963 127.34888389219783 120000 60000
36.36986559061963 127.34888389219783 36.36986510981489 127.34882308596873 360000 60000
36.36986510981489 127.34882308596873 36.36988121378619 127.34878483132982 180000 60000
36.36988121378619 127.34878483132982 36.369804446627455 127.34875090578934 150000 90000
36.369804446627455 127.34875090578934 36.36988654416637 127.34877123498127 240000 60000
36.36988654416637 127.34877123498127 36.36989663520448 127.3487538105657 240000 60000
36.36989663520448 127.3487538105657 36.369937592932196 127.34858503428752 630000 120000
