36.36517013009279 127.34662866505192 36.367811404740806 127.34940302338082 270000 1860000
36.367811404740806 127.34940302338082 36.386758833564876 127.36187665736873 1470000 120000
36.386758833564876 127.36187665736873 36.38640755279181 127.36166784638442 2790000 60000
36.38640755279181 127.36166784638442 36.38669586548185 127.36251479495871 690000 90000
36.38669586548185 127.36251479495871 36.386787899885405 127.36249654369328 150000 60000
36.386787899885405 127.36249654369328 36.38522669981722 127.36540486178046 570000 60000
36.38522669981722 127.36540486178046 36.38617605646287 127.3687741873914 240000 390000
36.38617605646287 127.3687741873914 36.38430952739546 127.3699684779018 420000 330000
36.38430952739546 127.3699684779018 36.384375744220584 127.36919724978164 630000 900000
36.384375744220584 127.36919724978164 36.382999982936084 127.37149372626797 210000 330000
36.382999982936084 127.37149372626797 36.38408634353052 127.36911227444885 210000 540000
36.38408634353052 127.36911227444885 36.384042824635365 127.36911557293541 480000 240000
36.384042824635365 127.36911557293541 36.384573110469326 127.36927059823046 120000 1410000
36.384573110469326 127.36927059823046 36.384276537272505 127.36939923607184 90000 600000
36.384276537272505 127.36939923607184 36.38610352493707 127.3683602371989 510000 360000
36.38610352493707 127.3683602371989 36.36763839832367 127.34907375412746 930000 330000
