36.37110274146369 127.34612714185215 36.37103493798577 127.34608833056102 30000 60000
36.37103493798577 127.34608833056102 36.37095083577975 127.3460922158062 120000 60000
36.37095083577975 127.3460922158062 36.3711871378386 127.34611549139184 180000 90000
36.3711871378386 127.34611549139184 36.371103236893624 127.34603015868333 390000 180000
36.371103236893624 127.34603015868333 36.371241881447766 127.34602312237041 90000 120000
36.371241881447766 127.34602312237041 36.37119225718897 127.34599023804165 30000 210000
36.37119225718897 127.34599023804165 36.37117325258005 127.34599154215584 60000 120000
36.37117325258005 127.34599154215584 36.37114822732379 127.34611696296247 210000 210000
36.37114822732379 127.34611696296247 36.371094268815135 127.34609950115271 30000 120000
36.371094268815135 127.34609950115271 36.37113263264117 127.34613959882326 30000 60000
36.37113263264117 127.34613959882326 36.37110689732512 127.34597172077004 90000 60000
36.37110689732512 127.34597172077004 36.37088007521645 127.34585937694821 360000 60000
36.37088007521645 127.34585937694821 36.37091754988824 127.3457449496117 1230000 90000
36.37091754988824 127.3457449496117 36.37094121385788 127.34594857142027 780000 60000
36.37094121385788 127.34594857142027 36.3709433872078 127.34590799002501 90000 60000
36.3709433872078 127.34590799002501 36.368865597613855 127.3491594852729 3960000 60000
36.368865597613855 127.3491594852729 36.368932940391154 127.349164691281 210000 90000
36.368932940391154 127.349164691281 36.36869033791385 127.34898562026518 720000 120000
36.36869033791385 127.34898562026518 36.368859887757154 127.3492615215877 690000 90000
36.368859887757154 127.3492615215877 36.368786442879404 127.3489104498917 1410000 60000
36.368786442879404 127.3489104498917 36.36881847630617 127.34903472294609 1200000 60000
36.36881847630617 127.34903472294609 36.36887542930654 127.34881041249515 450000 90000
36.36887542930654 127.34881041249515 36.36879413912238 127.34848955072535 1290000 90000
36.36879413912238 127.34848955072535 36.368798029693345 127.34839378307022 30000 60000
36.368798029693345 127.34839378307022 36.3688019202643 127.34829801541508 30000 60000
36.3688019202643 127.34829801541508 36.36872434398172 127.34888752127101 450000 60000
36.36872434398172 127.34888752127101 36.36876108369121 127.34918839584974 480000 60000
36.36876108369121 127.34918839584974 36.36999958828729 127.34892168638207 1350000 450000
36.36999958828729 127.34892168638207 36.37116413259859 127.3590752140772 570000 60000
36.37116413259859 127.3590752140772 36.36996470361747 127.35139204273094 510000 2400000
36.36996470361747 127.35139204273094 36.36850572551868 127.34925721623816 930000 90000
36.36850572551868 127.34925721623816 36.36877978081716 127.34925040600947 270000 480000
36.36877978081716 127.34925040600947 36.372339707055175 127.3546561200701 2910000 300000
36.372339707055175 127.3546561200701 36.372345130854455 127.35473762379225 120000 120000
36.372345130854455 127.35473762379225 36.37242459855729 127.35494587986379 810000 60000
36.37242459855729 127.35494587986379 36.37228468251792 127.35463976545132 120000 60000
36.37228468251792 127.35463976545132 36.37223529378275 127.35451377169268 1290000 60000
36.37223529378275 127.35451377169268 36.37227681622067 127.354560297121 30000 60000
36.37227681622067 127.354560297121 36.37232347344095 127.3546373576362 360000 90000
36.37232347344095 127.3546373576362 36.37233581448694 127.35453609091489 150000 60000
36.37233581448694 127.35453609091489 36.37223407717683 127.35419262750304 210000 60000
36.37223407717683 127.35419262750304 36.37231873259201 127.35451125064435 690000 60000
36.37231873259201 127.35451125064435 36.37230702762154 127.35465144188687 120000 120000
36.37230702762154 127.35465144188687 36.37229934127435 127.35470361718805 480000 60000
36.37229934127435 127.35470361718805 36.37231683566805 127.35461481849863 30000 90000
36.37231683566805 127.35461481849863 36.372305827757984 127.35460096884157 210000 60000
36.372305827757984 127.35460096884157 36.37231921674548 127.3545872492904 150000 240000
36.37231921674548 127.3545872492904 36.372299949776306 127.3546716452974 30000 90000
36.372299949776306 127.3546716452974 36.3723466136713 127.35468652814825 60000 210000
36.3723466136713 127.35468652814825 36.372293198359344 127.35474051406622 60000 120000
36.372293198359344 127.35474051406622 36.37231181867594 127.35470202987192 30000 90000
36.37231181867594 127.35470202987192 36.37233064874439 127.35451372776974 1500000 90000
36.37233064874439 127.35451372776974 36.37238204124228 127.35456468815252 450000 60000
36.37238204124228 127.35456468815252 36.372257160845514 127.35462739091092 570000 90000
36.372257160845514 127.35462739091092 36.372326345342856 127.35479501067965 150000 60000
36.372326345342856 127.35479501067965 36.372154947777545 127.35439009232853 180000 60000
36.372154947777545 127.35439009232853 36.37230499945351 127.35415728513345 450000 60000
36.37230499945351 127.35415728513345 36.37237999401821 127.35456166467583 540000 60000
36.37237999401821 127.35456166467583 36.37208923186736 127.35438900939262 210000 60000
36.37208923186736 127.35438900939262 36.37234709927099 127.35470054557467 720000 60000
36.37234709927099 127.35470054557467 36.3722835677212 127.35477471022949 30000 90000
36.3722835677212 127.35477471022949 36.372249086980766 127.35481608884 90000 90000
36.372249086980766 127.35481608884 36.37231627063935 127.35469315135302 210000 90000
36.37231627063935 127.35469315135302 36.37232716877314 127.35474058245288 60000 270000
36.37232716877314 127.35474058245288 36.37225706417795 127.35470450774835 150000 120000
36.37225706417795 127.35470450774835 36.37230240752883 127.35468001233872 30000 60000
36.37230240752883 127.35468001233872 36.372319660898675 127.35458473256799 150000 180000
36.372319660898675 127.35458473256799 36.372307851709834 127.35456165777016 150000 120000
36.372307851709834 127.35456165777016 36.37232630229381 127.35470445276808 330000 90000
36.37232630229381 127.35470445276808 36.37036150457782 127.35008459574071 1560000 60000
36.37036150457782 127.35008459574071 36.37003955611831 127.34979797496887 510000 60000
36.37003955611831 127.34979797496887 36.37068983050417 127.35024388690368 540000 60000
