36.37102100385195 127.35931764640756 36.37200340259055 127.35446568647374 1110000 240000
36.37200340259055 127.35446568647374 36.37197533045673 127.35432880247991 1230000 330000
36.37197533045673 127.35432880247991 36.37051328345371 127.35535460781696 360000 330000
36.37051328345371 127.35535460781696 36.37169071118006 127.35430571354033 180000 210000
36.37169071118006 127.35430571354033 36.372332212012886 127.35394948531125 1290000 1740000
36.372332212012886 127.35394948531125 36.372139412722525 127.35470652526787 660000 1710000
36.372139412722525 127.35470652526787 36.371939563318406 127.35433851637872 1290000 150000
36.371939563318406 127.35433851637872 36.371919985103254 127.35442064835483 30000 120000
36.371919985103254 127.35442064835483 36.372005820350736 127.3545349530677 450000 60000
36.372005820350736 127.3545349530677 36.37128449474626 127.34626839623505 870000 1860000
36.37128449474626 127.34626839623505 36.37134921261017 127.3462389129384 30000 90000
36.37134921261017 127.3462389129384 36.371297295170365 127.34628596028148 90000 300000
36.371297295170365 127.34628596028148 36.37124532775332 127.34635052662523 120000 150000
36.37124532775332 127.34635052662523 36.37119295194341 127.34639348841874 60000 90000
36.37119295194341 127.34639348841874 36.371255092557824 127.34635280803828 30000 120000
36.371255092557824 127.34635280803828 36.37115807651534 127.34610674335201 300000 60000
36.37115807651534 127.34610674335201 36.371047949543986 127.34694242145179 840000 600000
36.371047949543986 127.34694242145179 36.371843833324704 127.34706570432725 300000 480000
36.371843833324704 127.34706570432725 36.37148359373212 127.34698984086802 90000 1560000
36.37148359373212 127.34698984086802 36.371206361995725 127.34625429548994 90000 480000
36.371206361995725 127.34625429548994 36.36211171882212 127.36808481986132 1680000 330000
36.36211171882212 127.36808481986132 36.36211736016363 127.36842290690885 300000 2430000
36.36211736016363 127.36842290690885 36.368166530101746 127.3669791966482 1050000 600000
36.368166530101746 127.3669791966482 36.36824767645708 127.36696500360922 30000 90000
36.36824767645708 127.36696500360922 36.36870483153837 127.36458520726303 3030000 90000
36.36870483153837 127.36458520726303 36.368131870811276 127.36636150269594 2670000 240000
36.368131870811276 127.36636150269594 36.36808347844282 127.3659787854349 540000 1620000
36.36808347844282 127.3659787854349 36.36749516745745 127.36719589845488 120000 300000
36.36749516745745 127.36719589845488 36.36794843171877 127.36678018094679 60000 1920000
36.36794843171877 127.36678018094679 36.3680206177736 127.36627069454156 90000 810000
36.3680206177736 127.36627069454156 36.36755238664406 127.36738555695823 60000 600000
36.36755238664406 127.36738555695823 36.36810859204809 127.36622781691895 600000 570000
36.36810859204809 127.36622781691895 36.36810314944827 127.36607308323033 360000 10920000
36.36810314944827 127.36607308323033 36.36806660768895 127.36598253787437 30000 90000
36.36806660768895 127.36598253787437 36.36809556694261 127.36586993778602 120000 120000
36.36809556694261 127.36586993778602 36.36800903698367 127.36652854779655 90000 300000
36.36800903698367 127.36652854779655 36.36782639461973 127.36480784975984 90000 570000
