36.37227338078107 127.35468008302962 36.37245068818573 127.35464234921815 2010000 4740000
36.37245068818573 127.35464234921815 36.370929130794586 127.35432385473106 330000 1170000
36.370929130794586 127.35432385473106 36.37185381105234 127.35440172586007 390000 240000
36.37185381105234 127.35440172586007 36.371930505375445 127.35443268334258 30000 90000
36.371930505375445 127.35443268334258 36.37199936545522 127.35399083919492 90000 90000
36.37199936545522 127.35399083919492 36.36810604378648 127.36602166461653 900000 10350000
36.36810604378648 127.36602166461653 36.3717707404284 127.35444255500973 1050000 9090000
36.3717707404284 127.35444255500973 36.371270834751044 127.35395938054594 90000 1020000
36.371270834751044 127.35395938054594 36.368197917030685 127.36664176560237 1320000 720000
36.368197917030685 127.36664176560237 36.36811410285418 127.36645485584218 150000 2760000
36.36811410285418 127.36645485584218 36.36813183270658 127.36630862621492 1260000 60000
