36.370986779742765 127.3460141713178 36.37107955292031 127.3460314054582 30000 60000
36.37107955292031 127.3460314054582 36.36953823851907 127.34772975663628 450000 30000
36.36953823851907 127.34772975663628 36.3695741416406 127.34766519029336 90000 30000
36.3695741416406 127.34766519029336 36.369538581079766 127.34760790104272 30000 30000
36.369538581079766 127.34760790104272 36.36956108599361 127.34762292937123 30000 90000
36.36956108599361 127.34762292937123 36.36951734548957 127.34764791481933 120000 30000
36.36951734548957 127.34764791481933 36.36951565306222 127.34762136269492 30000 30000
36.36951565306222 127.34762136269492 36.36948132148452 127.34755613662644 30000 30000
36.36948132148452 127.34755613662644 36.36956084420773 127.34750435160117 60000 30000
36.36956084420773 127.34750435160117 36.36953118688038 127.34767347751435 30000 30000
36.36953118688038 127.34767347751435 36.36952101233284 127.34774150720855 60000 30000
36.36952101233284 127.34774150720855 36.3695543969216 127.3478454071629 90000 30000
36.3695543969216 127.3478454071629 36.36951504865193 127.34782854405717 150000 30000
36.36951504865193 127.34782854405717 36.36953205324588 127.3477439810575 60000 30000
36.36953205324588 127.3477439810575 36.36956255672894 127.34767549777465 30000 30000
36.36956255672894 127.34767549777465 36.369625860664925 127.34758466784649 30000 30000
36.369625860664925 127.34758466784649 36.36973046716272 127.34762734105072 30000 30000
36.36973046716272 127.34762734105072 36.36952232861292 127.34773190060399 30000 30000
36.36952232861292 127.34773190060399 36.369594255684646 127.34762866037697 30000 60000
36.369594255684646 127.34762866037697 36.36954416928451 127.34772778209387 90000 60000
36.36954416928451 127.34772778209387 36.36956171459015 127.3474599961779 30000 30000
36.36956171459015 127.3474599961779 36.36954530230136 127.3476599540482 90000 30000
36.36954530230136 127.3476599540482 36.369531452798164 127.34764887960388 90000 30000
36.369531452798164 127.34764887960388 36.36956852045701 127.34739803558654 30000 30000
36.36956852045701 127.34739803558654 36.36951160743674 127.34772841531905 30000 30000
36.36951160743674 127.34772841531905 36.36950998755459 127.3478222440086 30000 60000
36.36950998755459 127.3478222440086 36.369506139344445 127.34783857940694 30000 30000
36.369506139344445 127.34783857940694 36.36952280409773 127.34781430041 30000 30000
36.36952280409773 127.34781430041 36.369580939450714 127.34771688047067 30000 60000
36.369580939450714 127.34771688047067 36.36954797796221 127.34768437050252 30000 90000
36.36954797796221 127.34768437050252 36.36955606921607 127.34769966417299 30000 30000
36.36955606921607 127.34769966417299 36.3695041266256 127.34783373488231 30000 60000
36.3695041266256 127.34783373488231 36.369576249080794 127.34761487306295 30000 90000
36.369576249080794 127.34761487306295 36.36940407549325 127.34832718111858 90000 30000
36.36940407549325 127.34832718111858 36.37201909381204 127.35399171332685 630000 30000
36.37201909381204 127.35399171332685 36.370258029077114 127.35245223819348 360000 30000
36.370258029077114 127.35245223819348 36.37198555189214 127.35432532260714 180000 30000
36.37198555189214 127.35432532260714 36.371939147872155 127.35432984143037 90000 30000
36.371939147872155 127.35432984143037 36.37206417601493 127.35426951349268 90000 30000
36.37206417601493 127.35426951349268 36.37188087278697 127.35438243454792 510000 30000
36.37188087278697 127.35438243454792 36.37186792191041 127.35440883836213 180000 90000
36.37186792191041 127.35440883836213 36.37214353766714 127.3545582892447 90000 30000
36.37214353766714 127.3545582892447 36.37232215750349 127.35478473464039 30000 30000
36.37232215750349 127.35478473464039 36.37202999783893 127.35438452904835 780000 30000
36.37202999783893 127.35438452904835 36.37233831014138 127.35432650448729 120000 30000
36.37233831014138 127.35432650448729 36.37190159270657 127.35566990278112 150000 60000
36.37190159270657 127.35566990278112 36.37207262997773 127.35520253463038 180000 30000
36.37207262997773 127.35520253463038 36.37195979520632 127.35514281702083 60000 30000
36.37195979520632 127.35514281702083 36.371898095053005 127.35499460291051 30000 30000
36.371898095053005 127.35499460291051 36.37191462399767 127.35493272479256 30000 30000
36.37191462399767 127.35493272479256 36.372060702568035 127.35487440886823 90000 30000
36.372060702568035 127.35487440886823 36.37199154779798 127.35505357855219 60000 30000
36.37199154779798 127.35505357855219 36.37188901253988 127.35508280232946 30000 30000
36.37188901253988 127.35508280232946 36.37202486396946 127.35508039443964 30000 30000
36.37202486396946 127.35508039443964 36.37203853489351 127.35515105186236 60000 30000
36.37203853489351 127.35515105186236 36.37201916629229 127.35498950687384 30000 60000
36.37201916629229 127.35498950687384 36.371973928131204 127.35490627697168 30000 30000
36.371973928131204 127.35490627697168 36.37201763514778 127.35519069335659 60000 60000
36.37201763514778 127.35519069335659 36.37205963870389 127.35510478624713 30000 30000
36.37205963870389 127.35510478624713 36.371891325288836 127.35500265101572 30000 30000
36.371891325288836 127.35500265101572 36.37184834651845 127.35501665280243 150000 30000
36.37184834651845 127.35501665280243 36.37141912922407 127.35471285273829 60000 60000
36.37141912922407 127.35471285273829 36.37136890515964 127.35473683220125 30000 30000
36.37136890515964 127.35473683220125 36.37203771814319 127.35480123363538 90000 30000
36.37203771814319 127.35480123363538 36.37209669423372 127.35520629474694 30000 30000
36.37209669423372 127.35520629474694 36.37207529747759 127.35523827294256 30000 30000
36.37207529747759 127.35523827294256 36.37203335813923 127.35513255890788 30000 30000
36.37203335813923 127.35513255890788 36.371945836749916 127.35500098525502 30000 30000
36.371945836749916 127.35500098525502 36.37202497687645 127.35487036835309 30000 30000
36.37202497687645 127.35487036835309 36.37196222902561 127.3547983311484 60000 30000
36.37196222902561 127.3547983311484 36.37194203313014 127.35467859863485 210000 30000
36.37194203313014 127.35467859863485 36.37189662829118 127.3548708960318 30000 30000
36.37189662829118 127.3548708960318 36.37196907114363 127.35500880247179 30000 30000
36.37196907114363 127.35500880247179 36.37196117312198 127.35508751088184 60000 30000
36.37196117312198 127.35508751088184 36.372054408548685 127.35509787603601 120000 90000
36.372054408548685 127.35509787603601 36.37205283114915 127.3551809990707 150000 30000
36.37205283114915 127.3551809990707 36.37202099572295 127.3549910241136 30000 60000
36.37202099572295 127.3549910241136 36.37194430025668 127.35499420706957 30000 30000
36.37194430025668 127.35499420706957 36.3718665116013 127.35502383511724 30000 60000
36.3718665116013 127.35502383511724 36.37192743290388 127.35509448422317 90000 30000
36.37192743290388 127.35509448422317 36.37196890591326 127.35510732604398 30000 60000
36.37196890591326 127.35510732604398 36.372026951355984 127.35510280719686 30000 30000
36.372026951355984 127.35510280719686 36.37201900234986 127.35503718534005 30000 30000
36.37201900234986 127.35503718534005 36.37205405710679 127.35508088596912 120000 60000
36.37205405710679 127.35508088596912 36.3720410061423 127.35505897967384 30000 120000
36.3720410061423 127.35505897967384 36.37200844158514 127.35505613886284 90000 30000
36.37200844158514 127.35505613886284 36.371976964932244 127.35503463724677 30000 90000
36.371976964932244 127.35503463724677 36.37200122669384 127.35514548044438 30000 30000
36.37200122669384 127.35514548044438 36.3720391634754 127.35517200784476 30000 30000
36.3720391634754 127.35517200784476 36.37199780171492 127.3551755454338 30000 60000
36.37199780171492 127.3551755454338 36.3720524151471 127.35519680635586 30000 30000
36.3720524151471 127.35519680635586 36.37215264037212 127.35512154220662 30000 60000
36.37215264037212 127.35512154220662 36.37198512967228 127.35516860715343 30000 30000
36.37198512967228 127.35516860715343 36.37201153413302 127.35509796687046 30000 120000
36.37201153413302 127.35509796687046 36.37201873296329 127.35517543414035 30000 30000
36.37201873296329 127.35517543414035 36.372064494243055 127.35530407612548 30000 90000
36.372064494243055 127.35530407612548 36.372055617284225 127.35518266998633 30000 30000
36.372055617284225 127.35518266998633 36.37203326545852 127.3550409042529 30000 90000
36.37203326545852 127.3550409042529 36.37201350344227 127.35468699861713 60000 90000
36.37201350344227 127.35468699861713 36.372029586520114 127.35492336545491 90000 60000
36.372029586520114 127.35492336545491 36.37203055768009 127.35478049485809 120000 30000
36.37203055768009 127.35478049485809 36.37205415054867 127.35497334703336 120000 30000
36.37205415054867 127.35497334703336 36.37207430364337 127.35493796374043 30000 180000
36.37207430364337 127.35493796374043 36.372067345353955 127.35498131851875 30000 60000
36.372067345353955 127.35498131851875 36.37205058433207 127.35488614289669 30000 90000
36.37205058433207 127.35488614289669 36.37205112836723 127.35498179688736 30000 90000
36.37205112836723 127.35498179688736 36.3719459845467 127.35528382397528 30000 30000
36.3719459845467 127.35528382397528 36.37201605563279 127.35505563989985 30000 60000
36.37201605563279 127.35505563989985 36.372015531642795 127.35505948257838 120000 60000
36.372015531642795 127.35505948257838 36.37206328129594 127.35484121038795 60000 30000
36.37206328129594 127.35484121038795 36.372082757420195 127.35503949973442 30000 30000
36.372082757420195 127.35503949973442 36.372026653356585 127.35504843290248 90000 60000
36.372026653356585 127.35504843290248 36.37205570605575 127.35512124537269 30000 30000
36.37205570605575 127.35512124537269 36.37203785528231 127.35513938655505 90000 30000
36.37203785528231 127.35513938655505 36.37205669987653 127.35495272414018 30000 30000
36.37205669987653 127.35495272414018 36.37205707592517 127.35503750699004 30000 150000
36.37205707592517 127.35503750699004 36.372081051872144 127.35486141309332 30000 90000
36.372081051872144 127.35486141309332 36.37203674032008 127.35498617552516 60000 30000
36.37203674032008 127.35498617552516 36.37200794266064 127.35493147686621 30000 60000
36.37200794266064 127.35493147686621 36.37207064204992 127.35514609335279 30000 60000
36.37207064204992 127.35514609335279 36.37208584683837 127.35501033632629 30000 60000
36.37208584683837 127.35501033632629 36.37209350312703 127.35511588539669 30000 30000
36.37209350312703 127.35511588539669 36.3720343092229 127.35505494736819 30000 30000
36.3720343092229 127.35505494736819 36.371995908002425 127.35491814569288 30000 30000
36.371995908002425 127.35491814569288 36.37204563212982 127.35494816127095 60000 30000
36.37204563212982 127.35494816127095 36.37204684096191 127.35504620652152 30000 30000
36.37204684096191 127.35504620652152 36.37209242304432 127.3548855409786 30000 30000
36.37209242304432 127.3548855409786 36.372042045780525 127.35498798965295 30000 120000
36.372042045780525 127.35498798965295 36.372101965019084 127.35486982412706 30000 30000
36.372101965019084 127.35486982412706 36.37206972856771 127.35469731715833 30000 30000
36.37206972856771 127.35469731715833 36.37206817061074 127.35481416335084 30000 30000
36.37206817061074 127.35481416335084 36.371980676130526 127.35489687104314 60000 60000
36.371980676130526 127.35489687104314 36.37201304668577 127.35495775424992 30000 30000
36.37201304668577 127.35495775424992 36.371990561997194 127.35512157514397 30000 60000
36.371990561997194 127.35512157514397 36.372003805579666 127.35498205245577 30000 60000
36.372003805579666 127.35498205245577 36.371962113700405 127.35509238425176 30000 90000
36.371962113700405 127.35509238425176 36.372025780039394 127.35502553640428 60000 60000
36.372025780039394 127.35502553640428 36.37216149727899 127.35416078146682 630000 60000
36.37216149727899 127.35416078146682 36.37211759548154 127.35377595854992 60000 30000
36.37211759548154 127.35377595854992 36.37178954898338 127.35400476663656 420000 30000
36.37178954898338 127.35400476663656 36.372109646418 127.35392376166497 210000 30000
36.372109646418 127.35392376166497 36.372124808557174 127.35377182096647 30000 60000
36.372124808557174 127.35377182096647 36.37204280528212 127.35336111517279 330000 30000
36.37204280528212 127.35336111517279 36.37193262507927 127.35334278776493 30000 90000
36.37193262507927 127.35334278776493 36.371978572821725 127.35405907492711 210000 90000
36.371978572821725 127.35405907492711 36.36956547410678 127.34897185524906 630000 30000
36.36956547410678 127.34897185524906 36.3694499476143 127.34875688145104 60000 30000
36.3694499476143 127.34875688145104 36.369406469033585 127.34876013037245 90000 30000
36.369406469033585 127.34876013037245 36.36951798214126 127.3486625303844 270000 30000
36.36951798214126 127.3486625303844 36.369495755258626 127.34870993677794 180000 30000
36.369495755258626 127.34870993677794 36.369550151186125 127.34876157063889 60000 90000
36.369550151186125 127.34876157063889 36.36955204769117 127.34884428927779 30000 60000
36.36955204769117 127.34884428927779 36.36961967533418 127.34746171963039 240000 30000
36.36961967533418 127.34746171963039 36.36960240875469 127.34775622638611 30000 30000
36.36960240875469 127.34775622638611 36.373016095510636 127.35187095945332 600000 30000
36.373016095510636 127.35187095945332 36.373037298909786 127.35191469636199 30000 30000
36.373037298909786 127.35191469636199 36.37096674234958 127.34888348261711 390000 2430000
36.37096674234958 127.34888348261711 36.36993053318036 127.34965512093088 300000 30000
36.36993053318036 127.34965512093088 36.370174843416066 127.34826274663781 90000 270000
36.370174843416066 127.34826274663781 36.37013901879912 127.34827426519811 30000 30000
36.37013901879912 127.34827426519811 36.37017646204667 127.34825866607194 30000 90000
36.37017646204667 127.34825866607194 36.370209764858004 127.34795168162324 90000 30000
36.370209764858004 127.34795168162324 36.36975700805165 127.347736998666 60000 30000
36.36975700805165 127.347736998666 36.36935045916883 127.34829260962007 90000 30000
36.36935045916883 127.34829260962007 36.369687423756204 127.34780331120882 210000 30000
36.369687423756204 127.34780331120882 36.36923688638157 127.34843500608062 510000 30000
36.36923688638157 127.34843500608062 36.383694588865865 127.32976842347144 540000 30000
36.383694588865865 127.32976842347144 36.38366942043329 127.32936545676881 60000 30000
36.38366942043329 127.32936545676881 36.38368104828171 127.32937782855095 120000 30000
36.38368104828171 127.32937782855095 36.383542171973446 127.3294579524179 60000 60000
36.383542171973446 127.3294579524179 36.383594950729076 127.32894714421226 30000 30000
36.383594950729076 127.32894714421226 36.3836796110937 127.32929392249193 210000 30000
36.3836796110937 127.32929392249193 36.38372906145907 127.32937628379983 30000 30000
36.38372906145907 127.32937628379983 36.38384291977633 127.32958375375966 60000 30000
36.38384291977633 127.32958375375966 36.383704658625604 127.32930119550709 60000 30000
36.383704658625604 127.32930119550709 36.38369538491732 127.32911702784679 120000 30000
36.38369538491732 127.32911702784679 36.38371092900914 127.3294155278805 90000 30000
36.38371092900914 127.3294155278805 36.383676270273085 127.32932236303972 90000 30000
36.383676270273085 127.32932236303972 36.38360207493095 127.32870164356814 270000 30000
36.38360207493095 127.32870164356814 36.383697332958036 127.329268227894 120000 390000
36.383697332958036 127.329268227894 36.383722960724526 127.32934252455654 90000 30000
36.383722960724526 127.32934252455654 36.38368383403528 127.32908541352317 60000 30000
36.38368383403528 127.32908541352317 36.383774901382125 127.32955189112361 30000 30000
36.383774901382125 127.32955189112361 36.383756164068146 127.3294924372909 30000 30000
36.383756164068146 127.3294924372909 36.383696285315025 127.32927861789145 60000 30000
36.383696285315025 127.32927861789145 36.38366803828177 127.32924612854116 60000 30000
36.38366803828177 127.32924612854116 36.383581242262096 127.32880298721963 30000 30000
36.383581242262096 127.32880298721963 36.38352781077601 127.32851305699498 30000 30000
36.38352781077601 127.32851305699498 36.38372429051073 127.32941344038913 210000 30000
36.38372429051073 127.32941344038913 36.383718447661046 127.32939117612807 90000 30000
36.383718447661046 127.32939117612807 36.38367734652737 127.32921166018787 30000 30000
36.38367734652737 127.32921166018787 36.383683632580855 127.32911658351402 270000 30000
36.383683632580855 127.32911658351402 36.3837350896315 127.32943743631074 30000 30000
36.3837350896315 127.32943743631074 36.383722316048676 127.3295080223075 30000 30000
36.383722316048676 127.3295080223075 36.383711194537156 127.32925165340069 60000 30000
36.383711194537156 127.32925165340069 36.3837012013032 127.32903338112368 90000 30000
36.3837012013032 127.32903338112368 36.383831798305735 127.32907568324575 30000 30000
36.383831798305735 127.32907568324575 36.38370708441205 127.32912120129329 60000 30000
36.38370708441205 127.32912120129329 36.38354316324681 127.32858166394055 30000 30000
36.38354316324681 127.32858166394055 36.38355368031884 127.32858537465486 120000 30000
36.38355368031884 127.32858537465486 36.38356400933225 127.32858103172286 60000 30000
36.38356400933225 127.32858103172286 36.38349792508467 127.32846399314171 30000 60000
36.38349792508467 127.32846399314171 36.383563955618335 127.32855206069489 30000 60000
36.383563955618335 127.32855206069489 36.383574150318935 127.32848757680678 30000 30000
36.383574150318935 127.32848757680678 36.38360284053894 127.32861110221353 60000 30000
36.38360284053894 127.32861110221353 36.38359659478492 127.328504316203 30000 30000
36.38359659478492 127.328504316203 36.38358583591636 127.32853136317068 30000 30000
36.38358583591636 127.32853136317068 36.38349214940705 127.32850744971452 30000 30000
36.38349214940705 127.32850744971452 36.38362035555183 127.32847655459847 30000 30000
36.38362035555183 127.32847655459847 36.38357310263122 127.32842045414593 30000 150000
36.38357310263122 127.32842045414593 36.383588334266996 127.32856517186468 30000 30000
36.383588334266996 127.32856517186468 36.38358340477368 127.32850252958933 30000 30000
36.38358340477368 127.32850252958933 36.38363119498925 127.32868025887062 30000 60000
36.38363119498925 127.32868025887062 36.38358498973292 127.32854435066618 30000 60000
36.38358498973292 127.32854435066618 36.3835967828088 127.32861280638913 30000 90000
36.3835967828088 127.32861280638913 36.38361440529226 127.32867876085916 60000 60000
36.38361440529226 127.32867876085916 36.383601269024844 127.32859246621437 30000 90000
36.383601269024844 127.32859246621437 36.38361118167489 127.32870832284188 360000 60000
36.38361118167489 127.32870832284188 36.38361533205692 127.3283434362796 30000 30000
36.38361533205692 127.3283434362796 36.38357689038581 127.32849755446381 30000 30000
36.38357689038581 127.32849755446381 36.38367891801299 127.32890342377439 450000 30000
36.38367891801299 127.32890342377439 36.38368520408177 127.32927334942472 150000 30000
36.38368520408177 127.32927334942472 36.383696704358286 127.32919121002853 30000 30000
36.383696704358286 127.32919121002853 36.38351920364944 127.32877020102492 30000 30000
36.38351920364944 127.32877020102492 36.383623862583676 127.32881397091464 90000 30000
36.383623862583676 127.32881397091464 36.383674336477156 127.32900271414944 30000 30000
36.383674336477156 127.32900271414944 36.38368034448834 127.3291066635442 30000 30000
36.38368034448834 127.3291066635442 36.38363102036669 127.3289697163235 30000 30000
36.38363102036669 127.3289697163235 36.383613164183046 127.32897489206701 30000 60000
36.383613164183046 127.32897489206701 36.383763812126176 127.32961963220994 60000 30000
36.383763812126176 127.32961963220994 36.38368335452766 127.32921128909663 30000 30000
36.38368335452766 127.32921128909663 36.38370799509744 127.3293116019788 30000 30000
36.38370799509744 127.3293116019788 36.38378553127691 127.3297069576324 60000 30000
36.38378553127691 127.3297069576324 36.38380303148504 127.32976554561552 30000 30000
36.38380303148504 127.32976554561552 36.38371389430782 127.32934024316432 60000 30000
36.38371389430782 127.32934024316432 36.38370307908262 127.32919975289354 60000 60000
36.38370307908262 127.32919975289354 36.3837863170052 127.32969602339702 60000 30000
36.3837863170052 127.32969602339702 36.38375872685669 127.32956109368608 30000 30000
36.38375872685669 127.32956109368608 36.383745262831944 127.32951115027606 30000 30000
36.383745262831944 127.32951115027606 36.3837334334891 127.3294762091141 30000 60000
36.3837334334891 127.3294762091141 36.38375262076156 127.32957878965165 30000 30000
36.38375262076156 127.32957878965165 36.383716501436105 127.32938161896635 30000 60000
36.383716501436105 127.32938161896635 36.38376415462439 127.32957828253294 60000 30000
36.38376415462439 127.32957828253294 36.38372490701198 127.32919724610443 60000 90000
36.38372490701198 127.32919724610443 36.38377471062146 127.32936709773207 60000 30000
36.38377471062146 127.32936709773207 36.383758968630225 127.3295297698023 60000 60000
36.383758968630225 127.3295297698023 36.383667566874564 127.32961117178576 30000 60000
36.383667566874564 127.32961117178576 36.365716159282016 127.32958893226919 360000 30000
36.365716159282016 127.32958893226919 36.370006340752525 127.3481428824347 360000 30000
36.370006340752525 127.3481428824347 36.37004647877097 127.34818819435722 30000 30000
36.37004647877097 127.34818819435722 36.36999377258286 127.34817438227039 30000 30000
36.36999377258286 127.34817438227039 36.370060884384245 127.3480934145658 30000 30000
36.370060884384245 127.3480934145658 36.37003399126584 127.34808852465598 90000 30000
36.37003399126584 127.34808852465598 36.370061662012205 127.34808930803149 30000 30000
36.370061662012205 127.34808930803149 36.37001549590083 127.34819214422129 30000 30000
36.37001549590083 127.34819214422129 36.37004292153911 127.348068374679 30000 30000
36.37004292153911 127.348068374679 36.370068351134684 127.34805736297434 60000 120000
36.370068351134684 127.34805736297434 36.37002665897409 127.34813191525554 150000 30000
36.37002665897409 127.34813191525554 36.36999747176162 127.34809940390869 60000 60000
36.36999747176162 127.34809940390869 36.369943915252605 127.34824085349246 30000 60000
36.369943915252605 127.34824085349246 36.37005916386846 127.34797082918132 60000 30000
36.37005916386846 127.34797082918132 36.37004306984487 127.34806794262296 30000 30000
36.37004306984487 127.34806794262296 36.37003771051159 127.34818860943047 30000 60000
36.37003771051159 127.34818860943047 36.3700570039781 127.34807844249609 30000 60000
36.3700570039781 127.34807844249609 36.370042336438765 127.34810674835113 30000 60000
36.370042336438765 127.34810674835113 36.369970974681756 127.34832487294564 30000 60000
36.369970974681756 127.34832487294564 36.3694887116128 127.34817319481317 240000 30000
36.3694887116128 127.34817319481317 36.36948361027249 127.34806756328001 30000 30000
36.36948361027249 127.34806756328001 36.369510962709725 127.34783042961743 30000 30000
36.369510962709725 127.34783042961743 36.36953015932272 127.34768440349598 60000 60000
36.36953015932272 127.34768440349598 36.36949800367471 127.34762057929618 120000 30000
36.36949800367471 127.34762057929618 36.36954684159907 127.34754047742126 30000 30000
36.36954684159907 127.34754047742126 36.369589855453405 127.34781526790327 30000 30000
36.369589855453405 127.34781526790327 36.36967179720653 127.34767277663572 30000 60000
36.36967179720653 127.34767277663572 36.369581295696136 127.34780530674759 30000 30000
36.369581295696136 127.34780530674759 36.369495432911464 127.34786164356865 30000 120000
36.369495432911464 127.34786164356865 36.36954980729811 127.34774941516828 30000 30000
36.36954980729811 127.34774941516828 36.369478299341246 127.34774140003093 90000 30000
36.369478299341246 127.34774140003093 36.36954532649152 127.34770427644676 30000 30000
36.36954532649152 127.34770427644676 36.36953424530094 127.34776150382639 30000 30000
36.36953424530094 127.34776150382639 36.36955146350506 127.34780933903168 30000 30000
36.36955146350506 127.34780933903168 36.36954310218961 127.34771703302334 30000 90000
36.36954310218961 127.34771703302334 36.369552848349024 127.34783300237616 30000 90000
36.369552848349024 127.34783300237616 36.36958710866591 127.3479507171305 90000 60000
36.36958710866591 127.3479507171305 36.36962133956445 127.34802572296456 30000 90000
36.36962133956445 127.34802572296456 36.36949815688777 127.34771413862674 180000 30000
36.36949815688777 127.34771413862674 36.369626843809144 127.34757560544182 120000 30000
36.369626843809144 127.34757560544182 36.36961933280976 127.34740192772765 30000 30000
