36.37215071135565 127.3547376284618 36.372154107152596 127.3553501549687 180000 720000
36.372154107152596 127.3553501549687 36.372408591889425 127.35405514171336 180000 30000
36.372408591889425 127.35405514171336 36.37243586073501 127.35392663315208 30000 30000
36.37243586073501 127.35392663315208 36.372470820106905 127.35375626305417 30000 30000
36.372470820106905 127.35375626305417 36.372193900873555 127.35425242653193 90000 30000
36.372193900873555 127.35425242653193 36.37220122970605 127.35411956595412 30000 30000
36.37220122970605 127.35411956595412 36.372331055701736 127.35555619017813 90000 30000
36.372331055701736 127.35555619017813 36.372071074431545 127.35536832916917 90000 30000
36.372071074431545 127.35536832916917 36.372092515751746 127.35535935747875 150000 30000
36.372092515751746 127.35535935747875 36.37215771336405 127.35535840100681 330000 30000
36.37215771336405 127.35535840100681 36.372074293545424 127.35352482537886 210000 30000
36.372074293545424 127.35352482537886 36.371718998629575 127.35056515200118 270000 30000
36.371718998629575 127.35056515200118 36.372486221140555 127.3554674135894 360000 630000
36.372486221140555 127.3554674135894 36.373530092934026 127.35903546795276 480000 330000
36.373530092934026 127.35903546795276 36.37354791955899 127.35904882642946 30000 60000
36.37354791955899 127.35904882642946 36.371601973406015 127.3507982538751 960000 3030000
36.371601973406015 127.3507982538751 36.371748830107265 127.35087470251813 30000 30000
36.371748830107265 127.35087470251813 36.37169777917065 127.35037328907639 420000 30000
36.37169777917065 127.35037328907639 36.37175195214986 127.35032098728944 30000 60000
36.37175195214986 127.35032098728944 36.371720145766716 127.35035197037023 30000 60000
36.371720145766716 127.35035197037023 36.37136609285573 127.35141300817261 210000 60000
36.37136609285573 127.35141300817261 36.371190120993425 127.35093973649133 30000 750000
36.371190120993425 127.35093973649133 36.37089633838693 127.3509439909325 30000 30000
36.37089633838693 127.3509439909325 36.37144966450754 127.3508863318293 300000 30000
36.37144966450754 127.3508863318293 36.371411002919515 127.35073925252607 30000 60000
36.371411002919515 127.35073925252607 36.37137705615932 127.35061010972322 30000 30000
36.37137705615932 127.35061010972322 36.371129478935586 127.35043882299031 60000 30000
36.371129478935586 127.35043882299031 36.37136410513668 127.35101081288923 150000 450000
36.37136410513668 127.35101081288923 36.371483418329845 127.35105479185411 30000 30000
36.371483418329845 127.35105479185411 36.37161012260577 127.35110149517966 30000 30000
36.37161012260577 127.35110149517966 36.37124205238249 127.35088583715948 240000 30000
36.37124205238249 127.35088583715948 36.37125988631399 127.35099885990527 30000 30000
36.37125988631399 127.35099885990527 36.372195784451804 127.35451807337813 360000 30000
36.372195784451804 127.35451807337813 36.37125850424203 127.35276103533735 270000 30000
36.37125850424203 127.35276103533735 36.37127482387348 127.35096165388353 180000 30000
36.37127482387348 127.35096165388353 36.3711385009521 127.3509636988853 90000 30000
36.3711385009521 127.3509636988853 36.37129279546056 127.3508380899633 30000 30000
36.37129279546056 127.3508380899633 36.37108482357852 127.3510516757451 60000 60000
36.37108482357852 127.3510516757451 36.37123558823865 127.35086952105547 30000 30000
36.37123558823865 127.35086952105547 36.371293649858025 127.35077834480457 30000 30000
36.371293649858025 127.35077834480457 36.372622260308034 127.35596371962554 420000 30000
36.372622260308034 127.35596371962554 36.37352693006888 127.3589690217176 210000 60000
36.37352693006888 127.3589690217176 36.3741660917995 127.35918502618972 150000 30000
36.3741660917995 127.35918502618972 36.37444200294457 127.35845036872313 510000 3240000
36.37444200294457 127.35845036872313 36.37446375159895 127.35845131978313 30000 60000
36.37446375159895 127.35845131978313 36.374097016266155 127.35945806027723 900000 2250000
36.374097016266155 127.35945806027723 36.374082574289616 127.35913064378039 150000 30000
36.374082574289616 127.35913064378039 36.374113456379256 127.35962876963339 600000 30000
36.374113456379256 127.35962876963339 36.37419822183372 127.35936397312292 120000 30000
36.37419822183372 127.35936397312292 36.37399669659104 127.36008307575314 30000 30000
36.37399669659104 127.36008307575314 36.373763153556155 127.35819859569385 90000 30000
36.373763153556155 127.35819859569385 36.374032068279945 127.35884444903041 150000 30000
36.374032068279945 127.35884444903041 36.374116104012074 127.35908234672998 30000 30000
36.374116104012074 127.35908234672998 36.373655508549795 127.35706038023639 210000 30000
36.373655508549795 127.35706038023639 36.37148925116388 127.34644822550014 1020000 19170000
36.37148925116388 127.34644822550014 36.3712385742379 127.34606689639934 90000 30000
36.3712385742379 127.34606689639934 36.37074071539509 127.34683405705835 30000 30000
36.37074071539509 127.34683405705835 36.37113728795519 127.34620943714899 120000 30000
36.37113728795519 127.34620943714899 36.37118756846585 127.34617825074196 120000 30000
36.37118756846585 127.34617825074196 36.37114139816755 127.34606247652532 90000 30000
36.37114139816755 127.34606247652532 36.37105928841171 127.34635795630709 30000 30000
36.37105928841171 127.34635795630709 36.37091385871228 127.3464887960235 30000 30000
36.37091385871228 127.3464887960235 36.37115880561681 127.34621487131217 150000 30000
36.37115880561681 127.34621487131217 36.371152991197434 127.34602088358162 30000 30000
36.371152991197434 127.34602088358162 36.37104075252992 127.34617086234124 330000 30000
36.37104075252992 127.34617086234124 36.37098184491644 127.3461215180213 30000 30000
36.37098184491644 127.3461215180213 36.371900875517085 127.34588361202307 360000 30000
36.371900875517085 127.34588361202307 36.37169125541515 127.3459467682857 30000 30000
36.37169125541515 127.3459467682857 36.37125990661541 127.34593772242644 60000 30000
36.37125990661541 127.34593772242644 36.37114751433875 127.34622278550148 60000 30000
36.37114751433875 127.34622278550148 36.37124193165698 127.34622770354946 30000 60000
36.37124193165698 127.34622770354946 36.371318445881414 127.34623711284455 30000 90000
36.371318445881414 127.34623711284455 36.37125955196519 127.34602340690667 210000 30000
36.37125955196519 127.34602340690667 36.37118093577677 127.34594605911303 270000 30000
36.37118093577677 127.34594605911303 36.371113360696384 127.34599734942638 180000 30000
36.371113360696384 127.34599734942638 36.37125737604187 127.34585320894251 210000 30000
36.37125737604187 127.34585320894251 36.371197456980596 127.34594647145474 90000 30000
36.371197456980596 127.34594647145474 36.371237534610145 127.34637475345099 300000 30000
36.371237534610145 127.34637475345099 36.37119468458279 127.34619154328871 30000 30000
36.37119468458279 127.34619154328871 36.37122234331487 127.34612963211609 60000 30000
36.37122234331487 127.34612963211609 36.37122616329816 127.34622860090727 210000 30000
36.37122616329816 127.34622860090727 36.37115166537831 127.34602749690964 570000 30000
36.37115166537831 127.34602749690964 36.37128458347905 127.34615334774372 90000 30000
36.37128458347905 127.34615334774372 36.37113283141339 127.34578969802847 30000 30000
36.37113283141339 127.34578969802847 36.371269101883136 127.34643587294505 150000 30000
