36.36736928499227 127.3475784420696 36.36729169691637 127.34754152509144 60000 540000
36.36729169691637 127.34754152509144 36.37418692288767 127.35826331027073 780000 46440000
36.37418692288767 127.35826331027073 36.3743650655309 127.35811555271486 1860000 7710000
36.3743650655309 127.35811555271486 36.37461614784081 127.35896108923458 1980000 60000
36.37461614784081 127.35896108923458 36.36823563329411 127.36612803828329 660000 2610000
36.36823563329411 127.36612803828329 36.374174028556126 127.3585690729274 600000 2040000
36.374174028556126 127.3585690729274 36.3674391462694 127.35117849130522 540000 270000
36.3674391462694 127.35117849130522 36.3673411293135 127.34776963990446 3180000 60000
36.3673411293135 127.34776963990446 36.3674048415292 127.34762322349911 630000 60000
36.3674048415292 127.34762322349911 36.367391248608165 127.34782484432839 6810000 60000
