36.372181876662204 127.35567027521198 36.3721736957109 127.35559273205801 120000 150000
36.3721736957109 127.35559273205801 36.372225264369426 127.35567852889551 30000 60000
36.372225264369426 127.35567852889551 36.37243040777279 127.3556962677864 90000 60000
36.37243040777279 127.3556962677864 36.37217317752694 127.3555734080439 1290000 60000
36.37217317752694 127.3555734080439 36.37193973597731 127.35549973786787 1590000 60000
36.37193973597731 127.35549973786787 36.37201163639322 127.35558772763109 510000 570000
36.37201163639322 127.35558772763109 36.37227096301142 127.35649915598904 90000 150000
36.37227096301142 127.35649915598904 36.372441009501365 127.35650575282128 1020000 270000
36.372441009501365 127.35650575282128 36.372232743305304 127.35419616512027 360000 600000
36.372232743305304 127.35419616512027 36.37209608179505 127.35389835997881 1080000 90000
36.37209608179505 127.35389835997881 36.371261163792575 127.34591027137495 1590000 3600000
36.371261163792575 127.34591027137495 36.37114132558073 127.34604550618295 270000 90000
36.37114132558073 127.34604550618295 36.37098156829858 127.34600680488641 150000 90000
36.37098156829858 127.34600680488641 36.37099430158694 127.34608145890809 360000 60000
36.37099430158694 127.34608145890809 36.37100805569807 127.34588113545334 660000 60000
36.37100805569807 127.34588113545334 36.37118938438217 127.34597283125633 150000 60000
36.37118938438217 127.34597283125633 36.370975926909594 127.3458369367724 2790000 60000
36.370975926909594 127.3458369367724 36.37097174702724 127.3458962861348 60000 60000
36.37097174702724 127.3458962861348 36.37123070052917 127.34615913641039 150000 120000
36.37123070052917 127.34615913641039 36.37105980834703 127.34602654037168 1020000 90000
36.37105980834703 127.34602654037168 36.369423699198485 127.34950982591455 1980000 90000
36.369423699198485 127.34950982591455 36.37062175834978 127.34875679895119 870000 1560000
36.37062175834978 127.34875679895119 36.36738919084243 127.34833064442587 1170000 60000
