36.373033349518984 127.35335907002447 36.37242650329788 127.35440136733851 300000 30000
36.37242650329788 127.35440136733851 36.37324148979638 127.36245806207067 480000 4620000
36.37324148979638 127.36245806207067 36.37399445244583 127.36215728900994 90000 60000
36.37399445244583 127.36215728900994 36.39386290375403 127.39285513435081 1230000 90000
36.39386290375403 127.39285513435081 36.3986974098154 127.3903701949516 210000 30000
36.3986974098154 127.3903701949516 36.40369571610784 127.3874178709357 180000 30000
36.40369571610784 127.3874178709357 36.391639612043576 127.41521505347552 450000 30000
36.391639612043576 127.41521505347552 36.389255824222914 127.4186850629064 270000 30000
36.389255824222914 127.4186850629064 36.38920545512355 127.41850431005811 30000 30000
36.38920545512355 127.41850431005811 36.40392746766741 127.39173276800311 690000 8460000
36.40392746766741 127.39173276800311 36.40374560165562 127.38651468390216 60000 60000
36.40374560165562 127.38651468390216 36.398482636004914 127.38926473296837 210000 90000
36.398482636004914 127.38926473296837 36.381777827316235 127.37648834308814 660000 30000
36.381777827316235 127.37648834308814 36.38156103871353 127.37334413408868 90000 30000
36.38156103871353 127.37334413408868 36.38605114109493 127.34810387880458 330000 30000
36.38605114109493 127.34810387880458 36.38600641335056 127.34807914068068 30000 30000
