36.36610578641122 127.37496035489208 36.36802784409968 127.36616531029772 1230000 690000
36.36802784409968 127.36616531029772 36.36808603051246 127.3662838881001 810000 60000
36.36808603051246 127.3662838881001 36.3680680665151 127.36637491873768 1050000 60000
36.3680680665151 127.36637491873768 36.36813084352455 127.36633260394798 30000 60000
36.36813084352455 127.36633260394798 36.36798644742027 127.36639268072916 1230000 60000
36.36798644742027 127.36639268072916 36.36807058682929 127.36636638856442 420000 60000
36.36807058682929 127.36636638856442 36.367833024824435 127.36634957014425 240000 150000
36.367833024824435 127.36634957014425 36.3677815559885 127.36626815230403 30000 90000
36.3677815559885 127.36626815230403 36.36822370596473 127.36663351955927 1110000 90000
36.36822370596473 127.36663351955927 36.36795135238653 127.36632589936677 120000 840000
36.36795135238653 127.36632589936677 36.368143620466434 127.3661313367101 750000 60000
36.368143620466434 127.3661313367101 36.368221703235555 127.36635799517478 840000 120000
36.368221703235555 127.36635799517478 36.36817782168413 127.36627710155022 30000 60000
36.36817782168413 127.36627710155022 36.366357228879636 127.36498101658891 300000 60000
36.366357228879636 127.36498101658891 36.3680888355532 127.36647166745638 330000 330000
36.3680888355532 127.36647166745638 36.36804540095321 127.36654415573906 30000 120000
36.36804540095321 127.36654415573906 36.36801772104044 127.36637238913356 900000 90000
36.36801772104044 127.36637238913356 36.36808186653935 127.36639273565264 30000 60000
36.36808186653935 127.36639273565264 36.36814526453739 127.36642132182435 150000 330000
36.36814526453739 127.36642132182435 36.36814429945815 127.36669897202835 1230000 60000
