36.368938866481216 127.3482310323672 36.370990883283255 127.34599433963201 330000 90000
36.370990883283255 127.34599433963201 36.37099373739288 127.34602016343865 60000 90000
36.37099373739288 127.34602016343865 36.370912190523555 127.34610157914946 300000 60000
36.370912190523555 127.34610157914946 36.37100511419113 127.34604641325478 90000 120000
36.37100511419113 127.34604641325478 36.370961971358675 127.34605709187174 120000 150000
36.370961971358675 127.34605709187174 36.37096001696217 127.34588677022938 270000 90000
36.37096001696217 127.34588677022938 36.3708380365382 127.34595743864377 90000 90000
36.3708380365382 127.34595743864377 36.37094405607566 127.34596512396801 30000 60000
36.37094405607566 127.34596512396801 36.37101552381067 127.34594177121956 450000 120000
36.37101552381067 127.34594177121956 36.37092386542039 127.3462782089788 450000 90000
36.37092386542039 127.3462782089788 36.371124428560556 127.34626930329743 300000 60000
36.371124428560556 127.34626930329743 36.371001151814596 127.34624604950803 180000 60000
36.371001151814596 127.34624604950803 36.370986645574 127.34622829306483 210000 60000
36.370986645574 127.34622829306483 36.37100786757791 127.34616270966704 30000 60000
36.37100786757791 127.34616270966704 36.37118272230558 127.34597514012887 180000 60000
36.37118272230558 127.34597514012887 36.371092434005554 127.34621487958448 240000 60000
36.371092434005554 127.34621487958448 36.37108152748499 127.34626248659309 30000 60000
36.37108152748499 127.34626248659309 36.371050177726026 127.3461249429372 30000 60000
36.371050177726026 127.3461249429372 36.371071158195114 127.34611576231994 240000 60000
36.371071158195114 127.34611576231994 36.37105627582908 127.3460572705401 90000 60000
36.37105627582908 127.3460572705401 36.37107741732011 127.34605500559708 30000 60000
36.37107741732011 127.34605500559708 36.37113298448276 127.34602072687684 150000 120000
36.37113298448276 127.34602072687684 36.37094696123276 127.3460252209986 240000 90000
36.37094696123276 127.3460252209986 36.37115432079534 127.34604072350638 90000 90000
36.37115432079534 127.34604072350638 36.371034005894636 127.34607450471533 60000 90000
36.371034005894636 127.34607450471533 36.37104381097006 127.3460192288461 90000 150000
36.37104381097006 127.3460192288461 36.371046083638156 127.34602627649095 60000 60000
36.371046083638156 127.34602627649095 36.37094015551878 127.34601898702081 30000 120000
36.37094015551878 127.34601898702081 36.370988230479576 127.34611339846107 150000 120000
36.370988230479576 127.34611339846107 36.37109162811009 127.34607304789836 210000 60000
36.37109162811009 127.34607304789836 36.3709957791361 127.34603330211291 90000 60000
36.3709957791361 127.34603330211291 36.373251951959205 127.36238545667258 1980000 60000
36.373251951959205 127.36238545667258 36.37405535875649 127.3620903724889 150000 90000
36.37405535875649 127.3620903724889 36.37403954304175 127.36200271175309 30000 90000
36.37403954304175 127.36200271175309 36.385668792663544 127.38111078939623 1710000 90000
36.385668792663544 127.38111078939623 36.385665327308594 127.38091843716336 4650000 60000
36.385665327308594 127.38091843716336 36.38590261272237 127.38004529315026 1500000 60000
36.38590261272237 127.38004529315026 36.38635085734555 127.37910293748052 60000 60000
36.38635085734555 127.37910293748052 36.38560346058458 127.38167311327753 420000 60000
36.38560346058458 127.38167311327753 36.38579466435515 127.36836096271877 2160000 60000
36.38579466435515 127.36836096271877 36.386000776037285 127.36846165495469 240000 60000
36.386000776037285 127.36846165495469 36.38603225066684 127.36839528819156 30000 90000
36.38603225066684 127.36839528819156 36.40265927786596 127.3062088737842 3930000 150000
36.40265927786596 127.3062088737842 36.40263150182479 127.30602891426956 1620000 60000
36.40263150182479 127.30602891426956 36.402691514920136 127.30627075365346 1620000 60000
36.402691514920136 127.30627075365346 36.40269162150286 127.30619091604315 1260000 60000
36.40269162150286 127.30619091604315 36.40271860408787 127.30625788986765 720000 60000
36.40271860408787 127.30625788986765 36.40271343823392 127.30624953939082 600000 60000
36.40271343823392 127.30624953939082 36.402763423181206 127.30635721047845 2430000 150000
36.402763423181206 127.30635721047845 36.4026289567536 127.30616403099444 510000 60000
36.4026289567536 127.30616403099444 36.38517405535012 127.32699332023951 840000 5280000
