36.37115430056499 127.3459718967315 36.37105549667705 127.34595133660059 30000 60000
36.37105549667705 127.34595133660059 36.37112293081613 127.3459618502772 90000 60000
36.37112293081613 127.3459618502772 36.37104469751339 127.34596650929375 30000 90000
36.37104469751339 127.34596650929375 36.37071252341646 127.34577833501503 390000 120000
36.37071252341646 127.34577833501503 36.37094399160363 127.34590707196666 120000 90000
36.37094399160363 127.34590707196666 36.37088829812945 127.34587717739636 30000 120000
36.37088829812945 127.34587717739636 36.37089592737457 127.34574382538601 210000 60000
36.37089592737457 127.34574382538601 36.370982239963034 127.34607222332708 90000 90000
36.370982239963034 127.34607222332708 36.37105011323035 127.34630772975326 90000 60000
36.37105011323035 127.34630772975326 36.370856740282946 127.34584521028636 1020000 120000
36.370856740282946 127.34584521028636 36.37086422845488 127.34607766570264 90000 90000
36.37086422845488 127.34607766570264 36.37097033928353 127.34595452510314 840000 60000
36.37097033928353 127.34595452510314 36.37097335471107 127.34607947980753 90000 60000
36.37097335471107 127.34607947980753 36.370798106651236 127.34614673439683 120000 90000
36.370798106651236 127.34614673439683 36.37097436877815 127.34602917906192 240000 120000
36.37097436877815 127.34602917906192 36.37089379173811 127.34610063087972 150000 60000
36.37089379173811 127.34610063087972 36.37091686079332 127.3460653378985 360000 90000
36.37091686079332 127.3460653378985 36.3709177136547 127.34613494802745 60000 210000
36.3709177136547 127.34613494802745 36.37093256386991 127.34611097965617 60000 60000
36.37093256386991 127.34611097965617 36.37091834160277 127.34607686174255 120000 120000
36.37091834160277 127.34607686174255 36.37093796339666 127.34604240570134 30000 210000
36.37093796339666 127.34604240570134 36.37093769348051 127.34609520224386 30000 270000
36.37093769348051 127.34609520224386 36.37093114544322 127.3461347556417 30000 330000
36.37093114544322 127.3461347556417 36.37092113880447 127.34606447204673 30000 150000
36.37092113880447 127.34606447204673 36.371967874661145 127.34758140178423 540000 150000
36.371967874661145 127.34758140178423 36.37499387625636 127.35247608580393 1560000 360000
36.37499387625636 127.35247608580393 36.37142736237167 127.34927863329172 930000 4740000
36.37142736237167 127.34927863329172 36.371637116637125 127.34865911105896 2820000 60000
36.371637116637125 127.34865911105896 36.371182703719406 127.35910205137638 1110000 60000
36.371182703719406 127.35910205137638 36.371413721750564 127.34880545047511 1830000 300000
36.371413721750564 127.34880545047511 36.374923037015364 127.35276007876595 1050000 240000
36.374923037015364 127.35276007876595 36.36789376832708 127.3678656404716 1830000 10500000
