36.37211622949284 127.35592193423268 36.372059241927865 127.35573810142569 1170000 780000
36.372059241927865 127.35573810142569 36.37213010601493 127.35576937948686 30000 60000
36.37213010601493 127.35576937948686 36.372200970102 127.355800657548 30000 60000
36.372200970102 127.355800657548 36.372090641877726 127.35392680874072 870000 60000
36.372090641877726 127.35392680874072 36.37215856647498 127.35386207748702 210000 90000
36.37215856647498 127.35386207748702 36.372269083119 127.35394948526816 1290000 60000
36.372269083119 127.35394948526816 36.372391849007116 127.3541523376439 510000 60000
36.372391849007116 127.3541523376439 36.37220216277581 127.35367844337853 450000 390000
36.37220216277581 127.35367844337853 36.37196149569421 127.3536245918781 30000 480000
36.37196149569421 127.3536245918781 36.372126706563044 127.35596151505318 240000 300000
36.372126706563044 127.35596151505318 36.374061120971255 127.36204916990029 600000 390000
36.374061120971255 127.36204916990029 36.40381120236473 127.38901658260487 1980000 60000
36.40381120236473 127.38901658260487 36.389310109252456 127.41913936408861 810000 60000
36.389310109252456 127.41913936408861 36.39043757715057 127.41773248219813 240000 7740000
36.39043757715057 127.41773248219813 36.40389246450048 127.3904877832886 630000 60000
36.40389246450048 127.3904877832886 36.385981484000766 127.34767547029135 1410000 60000
