36.369474954748746 127.34978408864322 36.369783339866395 127.34981327253985 1320000 360000
36.369783339866395 127.34981327253985 36.36832403529372 127.3661197637512 2040000 1260000
36.36832403529372 127.3661197637512 36.366573856255435 127.36724916776987 450000 1410000
36.366573856255435 127.36724916776987 36.36808662149253 127.3667806284993 180000 510000
36.36808662149253 127.3667806284993 36.36753836388679 127.36604425891345 180000 1110000
36.36753836388679 127.36604425891345 36.368602642651226 127.34916151387831 1290000 7200000
36.368602642651226 127.34916151387831 36.372326681773636 127.35467654956206 1050000 28530000
36.372326681773636 127.35467654956206 36.37232712692245 127.35465748894455 330000 90000
36.37232712692245 127.35465748894455 36.3723109925596 127.35447433638569 30000 60000
36.3723109925596 127.35447433638569 36.37232261103734 127.35459979973909 660000 90000
36.37232261103734 127.35459979973909 36.37233624408728 127.35467302440024 1080000 60000
36.37233624408728 127.35467302440024 36.36925832750976 127.35202601765397 2880000 60000
36.36925832750976 127.35202601765397 36.372414898265674 127.35541760739567 720000 4200000
36.372414898265674 127.35541760739567 36.36859697804509 127.36581063768575 780000 10650000
36.36859697804509 127.36581063768575 36.368431387764566 127.36597202333637 360000 3270000
