36.37181558971791 127.35445230241908 36.372012348290845 127.35407268089656 90000 750000
36.372012348290845 127.35407268089656 36.37201549142629 127.35401875186356 30000 30000
36.37201549142629 127.35401875186356 36.37252230806942 127.35404919743935 120000 300000
36.37252230806942 127.35404919743935 36.372182434682635 127.3543381203751 300000 30000
36.372182434682635 127.3543381203751 36.372049016840286 127.35427591791847 90000 30000
36.372049016840286 127.35427591791847 36.372085067818766 127.35426327403987 150000 60000
36.372085067818766 127.35426327403987 36.372150238500424 127.35433968711365 210000 60000
36.372150238500424 127.35433968711365 36.37207190456184 127.35426596775463 60000 30000
36.37207190456184 127.35426596775463 36.371666188334814 127.35436430253472 240000 30000
36.371666188334814 127.35436430253472 36.37226143865294 127.3541923939814 180000 90000
36.37226143865294 127.3541923939814 36.37175550627486 127.35448217849958 30000 30000
36.37175550627486 127.35448217849958 36.37198941447889 127.35413849591772 210000 30000
36.37198941447889 127.35413849591772 36.37187195955144 127.35418466186253 180000 30000
36.37187195955144 127.35418466186253 36.37200803667786 127.35418301270813 30000 30000
36.37200803667786 127.35418301270813 36.371657387091574 127.35430299239347 60000 30000
36.371657387091574 127.35430299239347 36.37182328291327 127.35428468619608 60000 30000
36.37182328291327 127.35428468619608 36.37218545680453 127.35523833893464 420000 30000
36.37218545680453 127.35523833893464 36.37216901625913 127.35509320881948 30000 30000
36.37216901625913 127.35509320881948 36.37225000982384 127.35519650402757 30000 30000
36.37225000982384 127.35519650402757 36.37207690140186 127.35519479978942 30000 60000
36.37207690140186 127.35519479978942 36.372137988828165 127.35511151493282 30000 30000
36.372137988828165 127.35511151493282 36.37235929064093 127.35517682347621 30000 30000
36.37235929064093 127.35517682347621 36.37227990888995 127.35526406642909 60000 30000
36.37227990888995 127.35526406642909 36.37234736297295 127.35510293920652 60000 30000
36.37234736297295 127.35510293920652 36.37237516684672 127.35509040520071 150000 30000
36.37237516684672 127.35509040520071 36.37305712375439 127.35674901044084 300000 30000
36.37305712375439 127.35674901044084 36.37304858143983 127.35691624004738 90000 30000
36.37304858143983 127.35691624004738 36.37300756193976 127.35576229130822 270000 30000
36.37300756193976 127.35576229130822 36.373032947047804 127.35573672867551 30000 30000
36.373032947047804 127.35573672867551 36.373047373356584 127.35606013769241 30000 30000
36.373047373356584 127.35606013769241 36.373056640525306 127.35612396187642 30000 60000
36.373056640525306 127.35612396187642 36.37314690342667 127.35658590424256 90000 30000
36.37314690342667 127.35658590424256 36.37310588154479 127.35612478647037 120000 30000
36.37310588154479 127.35612478647037 36.37311490725119 127.35616849038864 240000 30000
36.37311490725119 127.35616849038864 36.37311899094275 127.35595799687324 60000 30000
36.37311899094275 127.35595799687324 36.37309629093659 127.35653609806057 60000 60000
36.37309629093659 127.35653609806057 36.37321314757605 127.35672509697369 210000 30000
36.37321314757605 127.35672509697369 36.37342474938251 127.35668650563434 180000 30000
36.37342474938251 127.35668650563434 36.373438760843015 127.35688985253506 30000 60000
36.373438760843015 127.35688985253506 36.37016017589675 127.3497015459191 810000 30000
36.37016017589675 127.3497015459191 36.36716877572768 127.34836098979505 570000 30000
36.36716877572768 127.34836098979505 36.36712324205642 127.34829700062494 120000 30000
36.36712324205642 127.34829700062494 36.36705288646881 127.34840914653572 60000 30000
36.36705288646881 127.34840914653572 36.367073114724136 127.34830953462466 30000 30000
36.367073114724136 127.34830953462466 36.367170709881336 127.34824686478541 180000 30000
36.367170709881336 127.34824686478541 36.36720504145266 127.3479645209448 120000 30000
36.36720504145266 127.3479645209448 36.36741592988119 127.34834147689429 150000 600000
36.36741592988119 127.34834147689429 36.367494938366164 127.3482354409129 30000 60000
36.367494938366164 127.3482354409129 36.36756077877031 127.34814707759509 30000 30000
36.36756077877031 127.34814707759509 36.36762661917446 127.34805871427726 30000 30000
36.36762661917446 127.34805871427726 36.36740248831621 127.34829930954199 60000 30000
36.36740248831621 127.34829930954199 36.36693748085885 127.34842629830996 60000 300000
36.36693748085885 127.34842629830996 36.36677615605877 127.348389128752 30000 30000
36.36677615605877 127.348389128752 36.36687042787744 127.34852939866862 30000 30000
36.36687042787744 127.34852939866862 36.36706798380846 127.34842091091934 240000 30000
36.36706798380846 127.34842091091934 36.36711598887487 127.3483883666233 270000 60000
36.36711598887487 127.3483883666233 36.36705131497389 127.348284878991 30000 30000
36.36705131497389 127.348284878991 36.367064410942916 127.34827663295829 30000 30000
36.367064410942916 127.34827663295829 36.36690202102649 127.34819870794011 30000 30000
36.36690202102649 127.34819870794011 36.366852919644515 127.3484266318034 60000 390000
36.366852919644515 127.3484266318034 36.37109534863672 127.34597393074438 720000 30000
36.37109534863672 127.34597393074438 36.3711771480925 127.34618791503686 30000 30000
36.3711771480925 127.34618791503686 36.371379833367115 127.34618214284879 30000 30000
36.371379833367115 127.34618214284879 36.37117593924583 127.34589023356776 120000 30000
36.37117593924583 127.34589023356776 36.37083524267344 127.34596362318455 300000 30000
36.37083524267344 127.34596362318455 36.37106613459716 127.34594506967684 60000 30000
36.37106613459716 127.34594506967684 36.37105908295895 127.34583251140737 30000 30000
36.37105908295895 127.34583251140737 36.37117493185299 127.34605927707693 150000 30000
36.37117493185299 127.34605927707693 36.371144106054686 127.34591002400859 30000 30000
36.371144106054686 127.34591002400859 36.371088699920456 127.34591950693245 90000 30000
36.371088699920456 127.34591950693245 36.371195280886084 127.34587662764523 30000 30000
36.371195280886084 127.34587662764523 36.37130125745064 127.34597929065838 120000 30000
36.37130125745064 127.34597929065838 36.371211801999905 127.34599042276295 60000 30000
36.371211801999905 127.34599042276295 36.37093880166321 127.34591785771816 30000 30000
36.37093880166321 127.34591785771816 36.371167759253915 127.34584018018884 150000 2940000
36.371167759253915 127.34584018018884 36.37137503819379 127.34658141532125 150000 30000
36.37137503819379 127.34658141532125 36.371003394886074 127.34617727768278 120000 30000
36.371003394886074 127.34617727768278 36.3709558665869 127.34613988196122 30000 30000
36.3709558665869 127.34613988196122 36.370996786510396 127.34626480920734 30000 90000
36.370996786510396 127.34626480920734 36.37096515467165 127.34622048682184 90000 90000
36.37096515467165 127.34622048682184 36.371187020450456 127.34624110191037 240000 30000
36.371187020450456 127.34624110191037 36.37115518724882 127.34599454579227 30000 30000
36.37115518724882 127.34599454579227 36.37114672513519 127.3455459620539 60000 30000
36.37114672513519 127.3455459620539 36.37104155461476 127.34546350178401 270000 30000
36.37104155461476 127.34546350178401 36.37091059490015 127.34606051400368 150000 30000
36.37091059490015 127.34606051400368 36.37090535651963 127.34593105134746 30000 30000
36.37090535651963 127.34593105134746 36.37090616245219 127.34595578949035 90000 30000
36.37090616245219 127.34595578949035 36.37097547007973 127.34583457291225 30000 30000
36.37097547007973 127.34583457291225 36.37102946588914 127.34555173429568 60000 30000
36.37102946588914 127.34555173429568 36.37105055375955 127.34566552943879 30000 30000
36.37105055375955 127.34566552943879 36.37097023194397 127.34595826326736 150000 60000
36.37097023194397 127.34595826326736 36.370958143372 127.34586096021144 60000 30000
36.370958143372 127.34586096021144 36.37115075476364 127.34577272773711 210000 30000
36.37115075476364 127.34577272773711 36.37082202586529 127.34622164127947 30000 30000
36.37082202586529 127.34622164127947 36.37089262315129 127.3460869012359 30000 30000
36.37089262315129 127.3460869012359 36.371967942732674 127.34626254153494 180000 30000
36.371967942732674 127.34626254153494 36.37127780571697 127.34611361833701 360000 360000
36.37127780571697 127.34611361833701 36.37114293742199 127.34587159756546 60000 30000
36.37114293742199 127.34587159756546 36.371167356346874 127.34621224080989 210000 30000
36.371167356346874 127.34621224080989 36.37080095138927 127.34593608146713 60000 30000
36.37080095138927 127.34593608146713 36.37083075645719 127.34594924763262 60000 30000
36.37083075645719 127.34594924763262 36.37069993116393 127.3455982418628 120000 60000
36.37069993116393 127.3455982418628 36.370789829893525 127.34584125217661 90000 30000
36.370789829893525 127.34584125217661 36.370801717097926 127.34571418097732 60000 90000
36.370801717097926 127.34571418097732 36.37086437617893 127.34583465537023 30000 30000
36.37086437617893 127.34583465537023 36.370928445707484 127.34600485333414 120000 30000
36.370928445707484 127.34600485333414 36.37088581322749 127.34582970775375 30000 30000
36.37088581322749 127.34582970775375 36.370864174657385 127.34595554208649 60000 30000
36.370864174657385 127.34595554208649 36.37061087871315 127.34601738729376 270000 30000
36.37061087871315 127.34601738729376 36.37094331464752 127.34601153258512 240000 30000
36.37094331464752 127.34601153258512 36.37086224049196 127.34591917711526 30000 30000
36.37086224049196 127.34591917711526 36.37085410089282 127.34567361052945 120000 30000
36.37085410089282 127.34567361052945 36.37089710944125 127.34578515173422 30000 30000
36.37089710944125 127.34578515173422 36.37086417476072 127.34582962530249 30000 60000
36.37086417476072 127.34582962530249 36.370900037506026 127.34606051400016 30000 30000
36.370900037506026 127.34606051400016 36.37121744341751 127.34698918123485 180000 30000
36.37121744341751 127.34698918123485 36.370798162488754 127.34573648073848 30000 30000
36.370798162488754 127.34573648073848 36.370884294671924 127.34589356304303 30000 30000
36.370884294671924 127.34589356304303 36.37106514823611 127.34637888837943 240000 30000
36.37106514823611 127.34637888837943 36.371028377886546 127.34648345254462 270000 30000
36.371028377886546 127.34648345254462 36.37097087664474 127.34622279575963 90000 30000
36.37097087664474 127.34622279575963 36.370771722271236 127.34616178936655 30000 60000
36.370771722271236 127.34616178936655 36.370715521923564 127.3460583991585 30000 60000
36.370715521923564 127.3460583991585 36.3706619044846 127.34595305198161 30000 30000
36.3706619044846 127.34595305198161 36.37060828704563 127.34584770480474 30000 30000
36.37060828704563 127.34584770480474 36.37055466960666 127.34574235762786 30000 30000
36.37055466960666 127.34574235762786 36.37114591936291 127.34676719830514 330000 30000
36.37114591936291 127.34676719830514 36.37086453738181 127.34608269578028 90000 600000
36.37086453738181 127.34608269578028 36.37083282507021 127.34600955353604 30000 90000
36.37083282507021 127.34600955353604 36.37079373861281 127.34626831378452 30000 30000
36.37079373861281 127.34626831378452 36.371648468426024 127.3460918316944 150000 30000
36.371648468426024 127.3460918316944 36.37153338525093 127.34669913078272 150000 30000
36.37153338525093 127.34669913078272 36.3714381406044 127.34603140547412 30000 30000
36.3714381406044 127.34603140547412 36.36959120668298 127.34919969290385 270000 30000
36.36959120668298 127.34919969290385 36.36945460567161 127.34906841618968 120000 30000
36.36945460567161 127.34906841618968 36.36956276133993 127.34879930230936 180000 30000
36.36956276133993 127.34879930230936 36.3696038159095 127.3489439624055 30000 60000
36.3696038159095 127.3489439624055 36.369647978195495 127.34909957286753 30000 60000
36.369647978195495 127.34909957286753 36.36967433579381 127.34886663606045 60000 60000
36.36967433579381 127.34886663606045 36.36957760990483 127.34860387154072 60000 510000
36.36957760990483 127.34860387154072 36.369263404578476 127.34851906610578 150000 150000
36.369263404578476 127.34851906610578 36.37004182868563 127.34783340916772 330000 30000
36.37004182868563 127.34783340916772 36.37125213771183 127.34618228026689 450000 30000
36.37125213771183 127.34618228026689 36.37129557594367 127.3460806342761 120000 60000
36.37129557594367 127.3460806342761 36.371203622020765 127.34592066140999 60000 30000
36.371203622020765 127.34592066140999 36.37119338706726 127.34614165486886 90000 30000
36.37119338706726 127.34614165486886 36.37122691286582 127.3461375318669 30000 30000
36.37122691286582 127.3461375318669 36.371102561579065 127.34614445850093 30000 30000
36.371102561579065 127.34614445850093 36.37110804156047 127.3462889287746 30000 30000
36.37110804156047 127.3462889287746 36.37116961292696 127.34679144159546 60000 4110000
36.37116961292696 127.34679144159546 36.368127480869234 127.3490590981703 330000 30000
36.368127480869234 127.3490590981703 36.36763804715311 127.34910652031448 120000 30000
36.36763804715311 127.34910652031448 36.367682432992915 127.34916371278995 30000 300000
36.367682432992915 127.34916371278995 36.36766704021665 127.34908114258043 30000 150000
36.36766704021665 127.34908114258043 36.36766008257148 127.34906429319908 30000 150000
36.36766008257148 127.34906429319908 36.36765144946205 127.34910931214073 30000 330000
36.36765144946205 127.34910931214073 36.36766999518014 127.3490579620783 30000 1110000
36.36766999518014 127.3490579620783 36.36766241554465 127.34908204751588 30000 510000
36.36766241554465 127.34908204751588 36.36765661715549 127.34914128354802 30000 1140000
36.36765661715549 127.34914128354802 36.36764560310431 127.34922572284695 30000 60000
