36.36934472051229 127.3459310514097 36.36943014645233 127.34560475615709 90000 1560000
36.36943014645233 127.34560475615709 36.369421630796275 127.3456859795375 30000 30000
36.369421630796275 127.3456859795375 36.372773929194835 127.35477219108114 210000 60000
36.372773929194835 127.35477219108114 36.37272674341244 127.35465559238746 30000 30000
36.37272674341244 127.35465559238746 36.37286295068702 127.35683539219993 270000 30000
36.37286295068702 127.35683539219993 36.37226521887 127.35637370988252 210000 510000
36.37226521887 127.35637370988252 36.37271824123299 127.35629300538854 180000 570000
36.37271824123299 127.35629300538854 36.37189455621199 127.3505754141658 930000 30000
36.37189455621199 127.3505754141658 36.371811663052846 127.35056834614754 30000 90000
36.371811663052846 127.35056834614754 36.371436979715945 127.35037314920814 420000 60000
36.371436979715945 127.35037314920814 36.37153799238074 127.3512037242413 360000 30000
36.37153799238074 127.3512037242413 36.37149552092317 127.35086894121278 150000 30000
36.37149552092317 127.35086894121278 36.371382371885446 127.35088557543749 30000 90000
36.371382371885446 127.35088557543749 36.37128082787725 127.35090050358785 30000 90000
36.37128082787725 127.35090050358785 36.371195079531226 127.35079950413711 30000 60000
36.371195079531226 127.35079950413711 36.371728990494425 127.35141865014836 90000 450000
36.371728990494425 127.35141865014836 36.37168108905222 127.35129348417877 30000 30000
36.37168108905222 127.35129348417877 36.37162528154673 127.35114765974816 30000 30000
36.37162528154673 127.35114765974816 36.37156947404124 127.35100183531758 30000 30000
36.37156947404124 127.35100183531758 36.37151366653575 127.35085601088699 30000 30000
36.37151366653575 127.35085601088699 36.37152240692589 127.35104084972966 30000 30000
36.37152240692589 127.35104084972966 36.37154475221065 127.35090053183785 30000 60000
36.37154475221065 127.35090053183785 36.371552064329066 127.35074558702595 30000 30000
36.371552064329066 127.35074558702595 36.37156836130488 127.35060823239156 30000 30000
36.37156836130488 127.35060823239156 36.371343679909565 127.35032137357373 210000 30000
36.371343679909565 127.35032137357373 36.37143007297866 127.35039855634368 30000 90000
36.37143007297866 127.35039855634368 36.3715096455423 127.35046964573708 30000 90000
36.3715096455423 127.35046964573708 36.37151247474206 127.35081307635994 60000 60000
36.37151247474206 127.35081307635994 36.37149004080137 127.35103534033347 480000 30000
36.37149004080137 127.35103534033347 36.371494070332396 127.35068900739728 90000 570000
36.371494070332396 127.35068900739728 36.37198220739996 127.35482917113417 450000 540000
36.37198220739996 127.35482917113417 36.372848797812196 127.3543700324958 240000 30000
36.372848797812196 127.3543700324958 36.37011274848424 127.3552968857855 690000 390000
36.37011274848424 127.3552968857855 36.371438060182 127.35558467189509 390000 450000
36.371438060182 127.35558467189509 36.37139063822885 127.35533780955849 150000 30000
36.37139063822885 127.35533780955849 36.37124834988322 127.35541579330298 30000 30000
36.37124834988322 127.35541579330298 36.371127734192406 127.35495811141519 480000 30000
36.371127734192406 127.35495811141519 36.37214325127022 127.35581782198793 150000 30000
36.37214325127022 127.35581782198793 36.37159196114592 127.35516472932059 210000 30000
36.37159196114592 127.35516472932059 36.371667702746905 127.35527297214159 60000 30000
36.371667702746905 127.35527297214159 36.37170199955624 127.35541633507063 30000 30000
36.37170199955624 127.35541633507063 36.371747064440484 127.3555859676969 30000 30000
36.371747064440484 127.3555859676969 36.37187751740201 127.35575209419329 120000 30000
36.37187751740201 127.35575209419329 36.37195329982173 127.35557205139438 30000 30000
36.37195329982173 127.35557205139438 36.372033070789854 127.3553825326587 30000 30000
36.372033070789854 127.3553825326587 36.372304225531465 127.35617391785286 120000 30000
36.372304225531465 127.35617391785286 36.37186920768366 127.35503564343894 210000 30000
36.37186920768366 127.35503564343894 36.371888530299515 127.35543772348959 360000 30000
36.371888530299515 127.35543772348959 36.37173100682678 127.35546345528435 30000 30000
36.37173100682678 127.35546345528435 36.37181879815785 127.35530736615829 60000 390000
36.37181879815785 127.35530736615829 36.371772508747796 127.35485676878429 360000 30000
36.371772508747796 127.35485676878429 36.37180909052565 127.35494960924618 30000 120000
36.37180909052565 127.35494960924618 36.37222321330153 127.35417674565244 60000 120000
36.37222321330153 127.35417674565244 36.372409578683865 127.3538587790524 30000 30000
36.372409578683865 127.3538587790524 36.37190097225049 127.35485514608604 120000 420000
36.37190097225049 127.35485514608604 36.37169570795077 127.35471521108187 60000 30000
36.37169570795077 127.35471521108187 36.37157224317003 127.3556926946007 90000 30000
36.37157224317003 127.3556926946007 36.375844885474194 127.35908785791214 360000 540000
36.375844885474194 127.35908785791214 36.375930509144055 127.35849304456252 180000 60000
36.375930509144055 127.35849304456252 36.376115011443005 127.35809855487206 120000 30000
36.376115011443005 127.35809855487206 36.37613501138017 127.3582468182579 30000 30000
36.37613501138017 127.3582468182579 36.37612762400055 127.3584676468816 90000 60000
36.37612762400055 127.3584676468816 36.37615248610845 127.35840011195896 60000 30000
36.37615248610845 127.35840011195896 36.37615035045849 127.35824066136722 30000 30000
36.37615035045849 127.35824066136722 36.37609047163963 127.35825844541418 30000 60000
36.37609047163963 127.35825844541418 36.376158570708824 127.35803464822266 300000 30000
36.376158570708824 127.35803464822266 36.375525789888755 127.3593572937904 210000 30000
36.375525789888755 127.3593572937904 36.37554471249354 127.35939450003137 30000 120000
36.37554471249354 127.35939450003137 36.36940085180397 127.34571220190217 330000 30000
36.36940085180397 127.34571220190217 36.369166696054634 127.34540462515827 240000 90000
36.369166696054634 127.34540462515827 36.36914798532432 127.34550620564596 30000 30000
36.36914798532432 127.34550620564596 36.36917087645497 127.34563200140389 30000 30000
36.36917087645497 127.34563200140389 36.36919376758563 127.34575779716184 30000 30000
36.36919376758563 127.34575779716184 36.369168468988775 127.34590969421187 30000 30000
36.369168468988775 127.34590969421187 36.3693464935057 127.34550258797492 120000 30000
36.3693464935057 127.34550258797492 36.36925212194265 127.3457334766365 60000 30000
36.36925212194265 127.3457334766365 36.36880734276241 127.34603594083035 120000 30000
36.36880734276241 127.34603594083035 36.368893137417096 127.34603545523629 30000 30000
36.368893137417096 127.34603545523629 36.36897596659019 127.34598323042277 30000 30000
36.36897596659019 127.34598323042277 36.36905879576329 127.34593100560926 30000 30000
36.36905879576329 127.34593100560926 36.36889981735574 127.34606990298391 330000 30000
36.36889981735574 127.34606990298391 36.36933088357372 127.34648941366996 300000 30000
36.36933088357372 127.34648941366996 36.36931431052207 127.34668492422979 30000 30000
36.36931431052207 127.34668492422979 36.369297737470426 127.34688043478963 30000 30000
36.369297737470426 127.34688043478963 36.36928116441878 127.34707594534946 30000 30000
36.36928116441878 127.34707594534946 36.36854805108912 127.34446586332777 270000 30000
36.36854805108912 127.34446586332777 36.3689957952285 127.3463221688156 180000 30000
36.3689957952285 127.3463221688156 36.36909493746357 127.34617757904115 30000 30000
36.36909493746357 127.34617757904115 36.36920022125304 127.34602403237801 30000 30000
36.36920022125304 127.34602403237801 36.36930550504249 127.34587048571487 30000 30000
36.36930550504249 127.34587048571487 36.36895973944371 127.34436579106023 150000 30000
36.36895973944371 127.34436579106023 36.36957014177707 127.34642252839114 150000 30000
36.36957014177707 127.34642252839114 36.36947947403269 127.34643265427299 30000 60000
36.36947947403269 127.34643265427299 36.36933021418703 127.34604649568922 120000 30000
36.36933021418703 127.34604649568922 36.369425311056446 127.34643405883902 90000 30000
36.369425311056446 127.34643405883902 36.36955522302249 127.3468999592384 60000 30000
36.36955522302249 127.3468999592384 36.369454734149414 127.34667158580665 30000 30000
36.369454734149414 127.34667158580665 36.36920711220563 127.34574700011908 90000 60000
36.36920711220563 127.34574700011908 36.36927359468504 127.34622352817064 30000 30000
36.36927359468504 127.34622352817064 36.36938080383926 127.34616824589082 30000 30000
36.36938080383926 127.34616824589082 36.36942782050549 127.34621921227134 60000 30000
36.36942782050549 127.34621921227134 36.36949300714274 127.34567707382372 300000 30000
36.36949300714274 127.34567707382372 36.3693213492691 127.34718774539851 210000 30000
36.3693213492691 127.34718774539851 36.36914558129082 127.34551479213866 30000 30000
36.36914558129082 127.34551479213866 36.36912132346437 127.34615534322431 60000 30000
36.36912132346437 127.34615534322431 36.36912148011828 127.34596283429855 30000 60000
36.36912148011828 127.34596283429855 36.369348510764425 127.34612545140072 390000 30000
36.369348510764425 127.34612545140072 36.36931490199185 127.34610586709283 30000 30000
36.36931490199185 127.34610586709283 36.369053466246754 127.34697780167974 90000 1440000
36.369053466246754 127.34697780167974 36.36906192829936 127.3468800038417 30000 30000
36.36906192829936 127.3468800038417 36.36903049798754 127.34700979626308 30000 30000
36.36903049798754 127.34700979626308 36.36904959794583 127.34687687033825 120000 30000
36.36904959794583 127.34687687033825 36.36900076008273 127.34700006595801 90000 30000
36.36900076008273 127.34700006595801 36.36897055679039 127.34698973447414 90000 30000
36.36897055679039 127.34698973447414 36.3691860779993 127.34546589318649 90000 900000
36.3691860779993 127.34546589318649 36.3691752788818 127.34533173033759 30000 30000
36.3691752788818 127.34533173033759 36.3691993754912 127.34528505785153 60000 30000
36.3691993754912 127.34528505785153 36.36919723979964 127.34525652666096 30000 30000
36.36919723979964 127.34525652666096 36.36998803456443 127.34425339775666 210000 1530000
36.36998803456443 127.34425339775666 36.369078973199514 127.34573891904842 90000 30000
36.369078973199514 127.34573891904842 36.36913740135416 127.34557482314449 90000 30000
36.36913740135416 127.34557482314449 36.369184479649086 127.34574689017948 150000 30000
36.369184479649086 127.34574689017948 36.36915304930632 127.34578729569513 30000 60000
36.36915304930632 127.34578729569513 36.36916057108831 127.34564944969145 30000 60000
36.36916057108831 127.34564944969145 36.3689804512315 127.34331211406248 300000 30000
36.3689804512315 127.34331211406248 36.36900069049756 127.34600841449699 180000 5340000
36.36900069049756 127.34600841449699 36.369364670351956 127.34571277665849 30000 5910000
