36.37226048658888 127.35481696717656 36.371657619539036 127.35056370673898 1350000 5340000
36.371657619539036 127.35056370673898 36.37142041067747 127.35105513082375 660000 3270000
36.37142041067747 127.35105513082375 36.36807541942351 127.3664306673579 1710000 60000
36.36807541942351 127.3664306673579 36.374000436061976 127.35711430910355 810000 1410000
36.374000436061976 127.35711430910355 36.37470479186947 127.35688458116286 90000 390000
36.37470479186947 127.35688458116286 36.374650128673466 127.35646821246871 360000 780000
36.374650128673466 127.35646821246871 36.36794002723993 127.36618988362376 2700000 2340000
36.36794002723993 127.36618988362376 36.35666758554098 127.36832329488834 750000 17370000
36.35666758554098 127.36832329488834 36.3592685850247 127.35948194901752 1950000 150000
36.3592685850247 127.35948194901752 36.359276409025384 127.3594530192442 30000 90000
36.359276409025384 127.3594530192442 36.35925252736603 127.35930164983131 30000 150000
36.35925252736603 127.35930164983131 36.35927889390304 127.35936506159351 60000 120000
36.35927889390304 127.35936506159351 36.35928452180899 127.35939515964102 60000 150000
36.35928452180899 127.35939515964102 36.35927926326757 127.35927827215687 30000 120000
36.35927926326757 127.35927827215687 36.35926556287231 127.35936609235522 120000 90000
36.35926556287231 127.35936609235522 36.35926223852346 127.35937481953181 60000 90000
36.35926223852346 127.35937481953181 36.35925841045853 127.3593198459318 30000 150000
36.35925841045853 127.3593198459318 36.35925389740403 127.35935277504947 30000 60000
36.35925389740403 127.35935277504947 36.35926413239507 127.35940060197933 30000 120000
36.35926413239507 127.35940060197933 36.35926461595062 127.35934485904579 30000 120000
36.35926461595062 127.35934485904579 36.359256127073074 127.35938004194634 60000 120000
36.359256127073074 127.35938004194634 36.35926558806662 127.35936202094727 30000 60000
36.35926558806662 127.35936202094727 36.35926405180963 127.3593356232607 90000 450000
36.35926405180963 127.3593356232607 36.35928389723054 127.35927373695347 120000 120000
36.35928389723054 127.35927373695347 36.35922788678986 127.35947617687812 90000 90000
36.35922788678986 127.35947617687812 36.35922805467835 127.35958338893435 750000 90000
36.35922805467835 127.35958338893435 36.3567645359827 127.36834209580945 720000 60000
