36.37153256445494 127.34597802071742 36.37117656378993 127.34598063471195 60000 30000
36.37117656378993 127.34598063471195 36.37109301419867 127.34603106469892 30000 30000
36.37109301419867 127.34603106469892 36.371048314029764 127.34605131550343 30000 150000
36.371048314029764 127.34605131550343 36.37099274345292 127.34607592303247 30000 90000
36.37099274345292 127.34607592303247 36.37105896209998 127.34605252472849 30000 60000
36.37105896209998 127.34605252472849 36.37112160116362 127.34599075262435 30000 180000
36.37112160116362 127.34599075262435 36.371035022638225 127.34607252844614 30000 30000
36.371035022638225 127.34607252844614 36.37100715851616 127.34612132841802 30000 30000
36.37100715851616 127.34612132841802 36.371050070207296 127.34607198695164 30000 90000
36.371050070207296 127.34607198695164 36.37114999180316 127.34603907703621 30000 60000
36.37114999180316 127.34603907703621 36.37113628602271 127.34599852587156 30000 150000
36.37113628602271 127.34599852587156 36.37188868725427 127.3496517014712 300000 60000
36.37188868725427 127.3496517014712 36.37256342256602 127.34966981520982 60000 60000
36.37256342256602 127.34966981520982 36.37265932957971 127.34909900893557 90000 30000
36.37265932957971 127.34909900893557 36.37250299953284 127.3497080108259 420000 4110000
36.37250299953284 127.3497080108259 36.372468577098445 127.34964055089655 30000 30000
36.372468577098445 127.34964055089655 36.37259110040627 127.34968336651067 30000 30000
36.37259110040627 127.34968336651067 36.37175198047275 127.34958523574025 480000 30000
36.37175198047275 127.34958523574025 36.37167305405199 127.34959523819926 30000 30000
36.37167305405199 127.34959523819926 36.37136160380728 127.34926063103055 90000 30000
36.37136160380728 127.34926063103055 36.37068691588857 127.36025084945808 1080000 30000
36.37068691588857 127.36025084945808 36.37063721559177 127.36041682609084 60000 30000
36.37063721559177 127.36041682609084 36.370107945223836 127.36043759735378 30000 30000
36.370107945223836 127.36043759735378 36.3701015463272 127.36043745717735 30000 210000
36.3701015463272 127.36043745717735 36.371120718616204 127.35885389068685 210000 360000
36.371120718616204 127.35885389068685 36.37131760135402 127.34919537200484 300000 30000
36.37131760135402 127.34919537200484 36.37146050054913 127.34882294859214 570000 30000
36.37146050054913 127.34882294859214 36.37165210657244 127.3489795117274 90000 30000
36.37165210657244 127.3489795117274 36.371662188775325 127.34886922525416 60000 90000
36.371662188775325 127.34886922525416 36.37170640488495 127.34897123406729 30000 120000
36.37170640488495 127.34897123406729 36.37156109221337 127.34892586996072 30000 60000
36.37156109221337 127.34892586996072 36.37160804698409 127.34893269767389 30000 60000
36.37160804698409 127.34893269767389 36.3716855508862 127.34896733920802 30000 60000
36.3716855508862 127.34896733920802 36.37165604130079 127.3489409904174 30000 150000
36.37165604130079 127.3489409904174 36.37168516682809 127.34889361702184 30000 30000
36.37168516682809 127.34889361702184 36.37165267664899 127.34898472732868 30000 30000
36.37165267664899 127.34898472732868 36.37168053671072 127.34902173544344 30000 30000
36.37168053671072 127.34902173544344 36.37164785008432 127.34896856674125 30000 30000
36.37164785008432 127.34896856674125 36.37164884376878 127.34896835235732 30000 120000
36.37164884376878 127.34896835235732 36.37158384187073 127.34899017135697 30000 270000
36.37158384187073 127.34899017135697 36.371735092704355 127.34888335066977 30000 120000
36.371735092704355 127.34888335066977 36.37166102180166 127.34897013594727 30000 30000
36.37166102180166 127.34897013594727 36.37168579133781 127.34892966039254 30000 90000
36.37168579133781 127.34892966039254 36.37164231266003 127.3489274751767 30000 30000
36.37164231266003 127.3489274751767 36.371690014261056 127.34893449253221 30000 30000
36.371690014261056 127.34893449253221 36.3715684742343 127.34909221978121 30000 90000
36.3715684742343 127.34909221978121 36.37163262171276 127.34897996110865 30000 60000
36.37163262171276 127.34897996110865 36.37168825333269 127.34899407006958 30000 30000
36.37168825333269 127.34899407006958 36.3717323766285 127.34886974476164 30000 30000
36.3717323766285 127.34886974476164 36.37168712110787 127.34887244118035 30000 30000
36.37168712110787 127.34887244118035 36.37169652593646 127.34885416803465 30000 30000
36.37169652593646 127.34885416803465 36.37166713323379 127.34892485841613 30000 30000
36.37166713323379 127.34892485841613 36.37171342984278 127.34889384239779 30000 60000
36.37171342984278 127.34889384239779 36.37167319493669 127.34890879793468 30000 60000
36.37167319493669 127.34890879793468 36.37167467207257 127.3489131245539 30000 30000
36.37167467207257 127.3489131245539 36.37169493432472 127.34913390619978 300000 360000
36.37169493432472 127.34913390619978 36.37168892140363 127.34900915293858 30000 30000
36.37168892140363 127.34900915293858 36.371727706569835 127.34895477776067 30000 240000
36.371727706569835 127.34895477776067 36.371743925245305 127.34899939697033 30000 30000
36.371743925245305 127.34899939697033 36.3716854326968 127.3488799533585 30000 60000
36.3716854326968 127.3488799533585 36.37161235311107 127.34893071585036 30000 30000
36.37161235311107 127.34893071585036 36.37165516283524 127.34900964676879 30000 30000
36.37165516283524 127.34900964676879 36.37167135350342 127.34888373823406 90000 30000
36.37167135350342 127.34888373823406 36.3716749613348 127.34892071893923 30000 30000
36.3716749613348 127.34892071893923 36.37170457501967 127.34881819881542 60000 330000
36.37170457501967 127.34881819881542 36.371703839603526 127.34897245499992 30000 90000
36.371703839603526 127.34897245499992 36.37167939643891 127.34899726950579 30000 300000
36.37167939643891 127.34899726950579 36.37168028461765 127.34896369498202 180000 30000
36.37168028461765 127.34896369498202 36.3716125929554 127.34897989927092 60000 120000
36.3716125929554 127.34897989927092 36.371617511086114 127.34903656182476 90000 90000
36.371617511086114 127.34903656182476 36.37162646783075 127.34903856723938 30000 30000
36.37162646783075 127.34903856723938 36.3716642046554 127.34893531471364 30000 270000
36.3716642046554 127.34893531471364 36.37166416812402 127.34890495691775 30000 480000
36.37166416812402 127.34890495691775 36.371729725297726 127.34897059361828 30000 120000
36.371729725297726 127.34897059361828 36.371741507621664 127.3487899809389 30000 30000
36.371741507621664 127.3487899809389 36.371609970412344 127.34893659525869 60000 30000
36.371609970412344 127.34893659525869 36.37160751575032 127.34889423542786 30000 60000
36.37160751575032 127.34889423542786 36.37164575390671 127.34896244661164 60000 90000
36.37164575390671 127.34896244661164 36.37170679724153 127.34896811980394 30000 30000
36.37170679724153 127.34896811980394 36.371612167738874 127.348910010069 30000 30000
36.371612167738874 127.348910010069 36.3716895801871 127.3490099209773 60000 30000
36.3716895801871 127.3490099209773 36.37168072626867 127.34903762003289 30000 210000
36.37168072626867 127.34903762003289 36.37151488710551 127.34901030648507 30000 60000
36.37151488710551 127.34901030648507 36.37166736563112 127.34901569114815 60000 30000
36.37166736563112 127.34901569114815 36.37165100517118 127.3489641204987 30000 150000
36.37165100517118 127.3489641204987 36.37165353611356 127.34901948899379 30000 300000
36.37165353611356 127.34901948899379 36.371667456911965 127.34886192336157 30000 180000
36.371667456911965 127.34886192336157 36.37165812539075 127.34898313582498 30000 90000
36.37165812539075 127.34898313582498 36.37165451809424 127.34899349831743 30000 120000
36.37165451809424 127.34899349831743 36.371629145573614 127.34894661692685 30000 60000
36.371629145573614 127.34894661692685 36.37132937956918 127.3492053496998 90000 60000
36.37132937956918 127.3492053496998 36.37149935312824 127.34924271240635 30000 30000
36.37149935312824 127.34924271240635 36.36754560905479 127.34914807275794 180000 30000
36.36754560905479 127.34914807275794 36.36748082232315 127.34879027784464 60000 30000
36.36748082232315 127.34879027784464 36.367884983876756 127.34694498251602 120000 270000
36.367884983876756 127.34694498251602 36.3675538373559 127.34948442813766 150000 300000
36.3675538373559 127.34948442813766 36.367076741340625 127.34894464339554 120000 1470000
