36.38432811521382 127.38867184385647 36.37424486757515 127.37438736608118 930000 2190000
36.37424486757515 127.37438736608118 36.36833630710229 127.36614406849526 810000 60000
36.36833630710229 127.36614406849526 36.3681421483896 127.3662296842485 240000 120000
36.3681421483896 127.3662296842485 36.36801879644385 127.36613101462407 270000 60000
36.36801879644385 127.36613101462407 36.366599798039715 127.36620977138058 360000 480000
36.366599798039715 127.36620977138058 36.3686057052255 127.3657907759494 360000 390000
36.3686057052255 127.3657907759494 36.36801916718437 127.36616935090746 4230000 18900000
36.36801916718437 127.36616935090746 36.367998213642295 127.36634985643941 240000 90000
36.367998213642295 127.36634985643941 36.36808589614974 127.36629301379499 480000 60000
36.36808589614974 127.36629301379499 36.368045385937236 127.36628014991113 990000 60000
36.368045385937236 127.36628014991113 36.36808025480731 127.3664403977353 180000 60000
36.36808025480731 127.3664403977353 36.36804038931902 127.36636491902811 30000 90000
36.36804038931902 127.36636491902811 36.3679849430333 127.36634292967135 90000 60000
36.3679849430333 127.36634292967135 36.36830545221569 127.36630515574572 270000 60000
36.36830545221569 127.36630515574572 36.36770953828299 127.36627069454156 180000 1380000
36.36770953828299 127.36627069454156 36.36819791703075 127.366285537248 330000 540000
