36.370931145396725 127.34598465054985 36.371296335411145 127.34601932920961 4590000 60000
36.371296335411145 127.34601932920961 36.37134779871906 127.34608986982472 30000 90000
36.37134779871906 127.34608986982472 36.37083465705656 127.34648113817667 510000 8130000
36.37083465705656 127.34648113817667 36.3709315645064 127.3461242887041 450000 60000
36.3709315645064 127.3461242887041 36.370913565944996 127.34612837325533 60000 90000
36.370913565944996 127.34612837325533 36.371137679668216 127.3459947106907 60000 60000
36.371137679668216 127.3459947106907 36.371062002947475 127.3461035691842 600000 120000
36.371062002947475 127.3461035691842 36.3709891223098 127.3459166923255 60000 60000
36.3709891223098 127.3459166923255 36.37093139794013 127.34594095760754 90000 60000
36.37093139794013 127.34594095760754 36.37094600628661 127.34597350192291 450000 60000
36.37094600628661 127.34597350192291 36.37111370993015 127.34600270386416 120000 60000
36.37111370993015 127.34600270386416 36.37105626811337 127.34601852993048 150000 60000
36.37105626811337 127.34601852993048 36.37093035030448 127.34578797737417 420000 180000
36.37093035030448 127.34578797737417 36.370883057085194 127.34583220355027 30000 60000
36.370883057085194 127.34583220355027 36.370911247640784 127.34585625171839 90000 150000
36.370911247640784 127.34585625171839 36.37095670878871 127.34566229698575 900000 90000
36.37095670878871 127.34566229698575 36.372907547783264 127.34960317087504 2910000 90000
36.372907547783264 127.34960317087504 36.37092344902495 127.35437778383634 2070000 570000
36.37092344902495 127.35437778383634 36.36958877395653 127.34654470758034 3240000 60000
36.36958877395653 127.34654470758034 36.369568930734076 127.34643945624819 30000 90000
36.369568930734076 127.34643945624819 36.36966466504047 127.34658347679802 60000 120000
36.36966466504047 127.34658347679802 36.36965964688097 127.34661112849398 90000 600000
36.36965964688097 127.34661112849398 36.3696683399136 127.34661205205866 210000 60000
36.3696683399136 127.34661205205866 36.36979772536652 127.34660832484668 330000 60000
36.36979772536652 127.34660832484668 36.36963767720527 127.34664193289856 150000 60000
36.36963767720527 127.34664193289856 36.36962906543734 127.34644927550472 2640000 210000
36.36962906543734 127.34644927550472 36.369456531984156 127.3464110177212 210000 60000
36.369456531984156 127.3464110177212 36.36965193165912 127.34621669365309 300000 60000
36.36965193165912 127.34621669365309 36.369565501877105 127.34630564411123 90000 330000
36.369565501877105 127.34630564411123 36.368685229645244 127.36728739089148 1320000 7620000
36.368685229645244 127.36728739089148 36.36919740096938 127.34567492980479 1380000 9150000
36.36919740096938 127.34567492980479 36.36981544989238 127.34678737352112 270000 1830000
36.36981544989238 127.34678737352112 36.369516324660225 127.34658913910049 690000 60000
36.369516324660225 127.34658913910049 36.36936390102681 127.3465907333228 270000 60000
36.36936390102681 127.3465907333228 36.36951097876341 127.34659605201756 600000 60000
36.36951097876341 127.34659605201756 36.369616471822255 127.34664224348046 330000 90000
36.369616471822255 127.34664224348046 36.36949935363455 127.34656129499396 150000 60000
36.36949935363455 127.34656129499396 36.369517990210106 127.346560003131 690000 90000
36.369517990210106 127.346560003131 36.36950842678632 127.34652756876973 2070000 60000
36.36950842678632 127.34652756876973 36.369542812043534 127.34682343611193 120000 60000
36.369542812043534 127.34682343611193 36.36950993114204 127.346525534793 210000 60000
