36.37096724999146 127.34602450632967 36.37093311593294 127.34621393949901 120000 60000
36.37093311593294 127.34621393949901 36.37092448333771 127.34612131464372 30000 570000
36.37092448333771 127.34612131464372 36.37103411329929 127.34611510265286 30000 60000
36.37103411329929 127.34611510265286 36.37098387867005 127.34624918301039 300000 60000
36.37098387867005 127.34624918301039 36.37108673889515 127.34605633592896 210000 60000
36.37108673889515 127.34605633592896 36.371148578787995 127.34600169231703 150000 60000
36.371148578787995 127.34600169231703 36.37114000390063 127.34603791988798 240000 60000
36.37114000390063 127.34603791988798 36.371149169741706 127.34604545122575 150000 120000
36.371149169741706 127.34604545122575 36.37103401933374 127.34607167359611 90000 60000
36.37103401933374 127.34607167359611 36.371113360624456 127.34598756412447 60000 150000
36.371113360624456 127.34598756412447 36.3714581002373 127.34629591045234 150000 60000
36.3714581002373 127.34629591045234 36.37133890675436 127.3462032251362 60000 60000
36.37133890675436 127.3462032251362 36.37147374545998 127.34627167818255 60000 60000
36.37147374545998 127.34627167818255 36.37110407259841 127.34605292762129 750000 120000
36.37110407259841 127.34605292762129 36.37104628246333 127.34612191937642 180000 90000
36.37104628246333 127.34612191937642 36.37095185726792 127.34605847998172 90000 60000
36.37095185726792 127.34605847998172 36.370923596824106 127.34592516920871 60000 60000
36.370923596824106 127.34592516920871 36.37085941987416 127.34582951537185 60000 60000
36.37085941987416 127.34582951537185 36.371055738434464 127.34613291406028 150000 60000
36.371055738434464 127.34613291406028 36.3702786440701 127.34995869819477 570000 90000
36.3702786440701 127.34995869819477 36.37028982601225 127.34991994187403 210000 90000
36.37028982601225 127.34991994187403 36.37028994020543 127.34995417666498 300000 90000
36.37028994020543 127.34995417666498 36.370251605924295 127.34994983375533 90000 60000
36.370251605924295 127.34994983375533 36.37033089095236 127.34997625396754 60000 60000
36.37033089095236 127.34997625396754 36.37028239155744 127.35005775764844 210000 120000
36.37028239155744 127.35005775764844 36.370276186007 127.34999573663197 90000 120000
36.370276186007 127.34999573663197 36.37029063863897 127.34996489648415 90000 60000
36.37029063863897 127.34996489648415 36.370193527018586 127.34995906926231 420000 60000
36.370193527018586 127.34995906926231 36.370248801405964 127.34994960286515 60000 60000
36.370248801405964 127.34994960286515 36.369648428481256 127.34888301858783 180000 120000
36.369648428481256 127.34888301858783 36.37199558541756 127.35517665859608 1260000 1230000
36.37199558541756 127.35517665859608 36.37280141022805 127.35437563980484 480000 1560000
36.37280141022805 127.35437563980484 36.37269486910349 127.35362690082242 390000 2970000
36.37269486910349 127.35362690082242 36.36628735691464 127.3581077903468 960000 180000
36.36628735691464 127.3581077903468 36.366826668807555 127.35826710331445 3570000 420000
36.366826668807555 127.35826710331445 36.36720633091424 127.35833950373195 3330000 630000
36.36720633091424 127.35833950373195 36.367481950576824 127.35766102054886 90000 480000
