36.36923659482871 127.34552699622786 36.36920247817028 127.34560945645052 30000 150000
36.36920247817028 127.34560945645052 36.36921029550808 127.34571220190298 180000 30000
36.36921029550808 127.34571220190298 36.37468974211737 127.35670253284044 330000 30000
36.37468974211737 127.35670253284044 36.37431371102073 127.3565547419337 150000 30000
36.37431371102073 127.3565547419337 36.374523388583526 127.35682817243267 150000 30000
36.374523388583526 127.35682817243267 36.37452749863232 127.35676987292871 180000 30000
36.37452749863232 127.35676987292871 36.374108698676075 127.35575062695749 120000 30000
36.374108698676075 127.35575062695749 36.37410520397015 127.35574711865056 30000 300000
36.37410520397015 127.35574711865056 36.37430522955441 127.35668023875053 60000 300000
36.37430522955441 127.35668023875053 36.374322450328364 127.35677348273256 30000 30000
36.374322450328364 127.35677348273256 36.37434173937294 127.35689406394572 30000 30000
36.37434173937294 127.35689406394572 36.37436102841751 127.35701464515887 30000 30000
36.37436102841751 127.35701464515887 36.37437614966876 127.35712651345659 30000 30000
36.37437614966876 127.35712651345659 36.37436785830471 127.35722319169138 30000 30000
36.37436785830471 127.35722319169138 36.374396805577334 127.35710237003126 30000 30000
36.374396805577334 127.35710237003126 36.37443119837649 127.35695881954399 30000 30000
36.37443119837649 127.35695881954399 36.37477974716617 127.35667298217322 150000 30000
36.37477974716617 127.35667298217322 36.37250043135633 127.35553228217317 360000 30000
36.37250043135633 127.35553228217317 36.37255657615226 127.35558994930166 150000 60000
36.37255657615226 127.35558994930166 36.37216595387313 127.3554926462584 60000 30000
36.37216595387313 127.3554926462584 36.37252111666503 127.3555901143975 90000 30000
36.37252111666503 127.3555901143975 36.372490894723235 127.35551672465206 60000 30000
36.372490894723235 127.35551672465206 36.372589860489015 127.35552051782356 60000 30000
36.372589860489015 127.35552051782356 36.37249669747955 127.35550880843219 30000 30000
36.37249669747955 127.35550880843219 36.37258703965234 127.35555548091484 60000 30000
36.37258703965234 127.35555548091484 36.372629994561976 127.35557527146686 90000 30000
36.372629994561976 127.35557527146686 36.36964935276842 127.34883200267222 780000 30000
36.36964935276842 127.34883200267222 36.36902955306432 127.34553700755262 270000 30000
36.36902955306432 127.34553700755262 36.36926190961484 127.34550980153222 30000 30000
36.36926190961484 127.34550980153222 36.369280598080145 127.34559506926875 30000 150000
36.369280598080145 127.34559506926875 36.369287984792614 127.345601210403 60000 90000
36.369287984792614 127.345601210403 36.36929878391821 127.345646563533 30000 30000
36.36929878391821 127.345646563533 36.36946197976072 127.34576101838965 30000 30000
36.36946197976072 127.34576101838965 36.36922433653027 127.3454890420347 120000 30000
36.36922433653027 127.3454890420347 36.369327237865704 127.345391705174 30000 30000
36.369327237865704 127.345391705174 36.36917032253453 127.34559032568043 90000 30000
36.36917032253453 127.34559032568043 36.36931006659956 127.34594754342719 60000 30000
36.36931006659956 127.34594754342719 36.36938370616039 127.34577458306309 150000 390000
36.36938370616039 127.34577458306309 36.369258058256335 127.34570846494503 30000 30000
36.369258058256335 127.34570846494503 36.36935644330522 127.34574692398513 60000 30000
36.36935644330522 127.34574692398513 36.36931756150003 127.34560145781323 180000 30000
36.36931756150003 127.34560145781323 36.36937413611479 127.34583374831541 360000 30000
36.36937413611479 127.34583374831541 36.36951919908253 127.34590466413736 30000 30000
36.36951919908253 127.34590466413736 36.36943772205102 127.34587563812846 300000 30000
36.36943772205102 127.34587563812846 36.36899818107831 127.34485412065905 240000 30000
36.36899818107831 127.34485412065905 36.36881935067113 127.34476852690992 210000 30000
36.36881935067113 127.34476852690992 36.36892153950328 127.34484537984707 150000 30000
36.36892153950328 127.34484537984707 36.369036613541795 127.34515890087175 750000 30000
36.369036613541795 127.34515890087175 36.369100904950216 127.34530736513483 30000 30000
36.369100904950216 127.34530736513483 36.369177290782005 127.34548375831872 30000 30000
36.369177290782005 127.34548375831872 36.37257483028663 127.35523908099526 330000 30000
36.37257483028663 127.35523908099526 36.37259923577543 127.3550621488147 30000 30000
36.37259923577543 127.3550621488147 36.37258315107893 127.35503585775736 30000 60000
36.37258315107893 127.35503585775736 36.37259554203182 127.35517237069045 30000 450000
36.37259554203182 127.35517237069045 36.372641276969716 127.35518501459978 30000 30000
36.372641276969716 127.35518501459978 36.37283622557671 127.34636924512641 210000 60000
36.37283622557671 127.34636924512641 36.37283296180872 127.34639806498308 30000 30000
36.37283296180872 127.34639806498308 36.37279759575049 127.34632763019721 30000 90000
36.37279759575049 127.34632763019721 36.36844194517491 127.36793577299733 270000 150000
36.36844194517491 127.36793577299733 36.36827571375479 127.3732380902331 90000 90000
36.36827571375479 127.3732380902331 36.36543591773666 127.37432244240557 180000 60000
36.36543591773666 127.37432244240557 36.36552577619146 127.37453436523015 60000 30000
36.36552577619146 127.37453436523015 36.36550325112955 127.37454351831272 30000 30000
36.36550325112955 127.37454351831272 36.36553464117526 127.37440490267385 60000 30000
36.36553464117526 127.37440490267385 36.36543175392379 127.37433569101972 30000 60000
36.36543175392379 127.37433569101972 36.365390437798446 127.37435405215462 90000 60000
36.365390437798446 127.37435405215462 36.36534055225866 127.37438087921987 30000 60000
36.36534055225866 127.37438087921987 36.365404769488364 127.37430644511701 30000 60000
36.365404769488364 127.37430644511701 36.36566930797208 127.37437414493908 60000 30000
36.36566930797208 127.37437414493908 36.365735848902 127.3744119392632 30000 30000
36.365735848902 127.3744119392632 36.36566491577815 127.37431184625729 30000 60000
36.36566491577815 127.37431184625729 36.365577918297156 127.37425795848472 30000 90000
36.365577918297156 127.37425795848472 36.36549712624438 127.37422522178491 30000 30000
36.36549712624438 127.37422522178491 36.36539863117893 127.37416725230702 30000 30000
36.36539863117893 127.37416725230702 36.36539705292279 127.37408169971411 30000 60000
36.36539705292279 127.37408169971411 36.36540005496087 127.37419693791026 30000 90000
36.36540005496087 127.37419693791026 36.36546758983111 127.37429127247279 30000 30000
36.36546758983111 127.37429127247279 36.365495997987296 127.37436016794052 30000 30000
36.365495997987296 127.37436016794052 36.365435575222456 127.37431914397105 30000 90000
36.365435575222456 127.37431914397105 36.36550380182209 127.37439429276075 30000 210000
36.36550380182209 127.37439429276075 36.36568594991591 127.37426298855294 60000 60000
36.36568594991591 127.37426298855294 36.365507361298924 127.37406689806912 90000 30000
36.365507361298924 127.37406689806912 36.36547971867321 127.37411810594551 30000 30000
36.36547971867321 127.37411810594551 36.36552339878598 127.37417681758609 30000 30000
36.36552339878598 127.37417681758609 36.36552553445627 127.37407456693096 30000 30000
36.36552553445627 127.37407456693096 36.365417107903 127.37398161771073 60000 30000
36.365417107903 127.37398161771073 36.36543664305306 127.37399961055858 30000 120000
36.36543664305306 127.37399961055858 36.36543309706595 127.37394224568813 30000 30000
36.36543309706595 127.37394224568813 36.36547262674459 127.37410532459589 120000 60000
36.36547262674459 127.37410532459589 36.36544099497043 127.37422332524383 30000 30000
36.36544099497043 127.37422332524383 36.36201783084692 127.38078633585226 210000 30000
36.36201783084692 127.38078633585226 36.35627301422436 127.38242465587562 90000 30000
36.35627301422436 127.38242465587562 36.362946798084145 127.38614185364402 120000 30000
36.362946798084145 127.38614185364402 36.37277344539375 127.3547107582618 420000 60000
36.37277344539375 127.3547107582618 36.37279570444342 127.35465231041208 30000 90000
36.37279570444342 127.35465231041208 36.37277465449386 127.35466205178186 30000 120000
36.37277465449386 127.35466205178186 36.372822082185465 127.35456975127266 30000 60000
36.372822082185465 127.35456975127266 36.37287501652266 127.35452340865095 30000 90000
36.37287501652266 127.35452340865095 36.37282623214915 127.35461158606 30000 60000
36.37282623214915 127.35461158606 36.37279924338612 127.35468737623056 30000 60000
36.37279924338612 127.35468737623056 36.37283672512256 127.35461840272986 30000 240000
36.37283672512256 127.35461840272986 36.372879986446364 127.35456892663638 30000 270000
36.372879986446364 127.35456892663638 36.37281642320227 127.35463517751016 30000 90000
36.37281642320227 127.35463517751016 36.36942122775476 127.34572918870577 240000 180000
36.36942122775476 127.34572918870577 36.36930764882537 127.34564260545075 240000 60000
36.36930764882537 127.34564260545075 36.36916218292177 127.345699667986 30000 30000
36.36916218292177 127.345699667986 36.36919079253881 127.34597970296417 30000 30000
36.36919079253881 127.34597970296417 36.36915251202977 127.34583952054035 90000 30000
36.36915251202977 127.34583952054035 36.371970237228716 127.35423897565629 690000 30000
36.371970237228716 127.35423897565629 36.37124746346189 127.3554881933957 120000 420000
36.37124746346189 127.3554881933957 36.37187623091688 127.35476963485235 90000 5520000
36.37187623091688 127.35476963485235 36.37228224587962 127.35500085345282 90000 30000
36.37228224587962 127.35500085345282 36.369143082935324 127.34558554298815 690000 30000
36.369143082935324 127.34558554298815 36.369240973655174 127.34552435749276 120000 30000
36.369240973655174 127.34552435749276 36.3691826932254 127.34575301974542 30000 60000
36.3691826932254 127.34575301974542 36.36908967963173 127.3457646336249 90000 30000
36.36908967963173 127.3457646336249 36.36918877066053 127.34573444885936 30000 30000
36.36918877066053 127.34573444885936 36.36904014749679 127.34583959961651 60000 30000
36.36904014749679 127.34583959961651 36.36912386298875 127.34577229020772 30000 30000
36.36912386298875 127.34577229020772 36.369232610886456 127.34569959057244 30000 30000
36.369232610886456 127.34569959057244 36.369341358784155 127.34562689093715 30000 30000
36.369341358784155 127.34562689093715 36.36945010668186 127.34555419130189 30000 30000
36.36945010668186 127.34555419130189 36.36937171833242 127.34546168768992 30000 30000
36.36937171833242 127.34546168768992 36.369388964742676 127.34536982696417 30000 30000
36.369388964742676 127.34536982696417 36.36932771585073 127.34546795467162 60000 30000
36.36932771585073 127.34546795467162 36.369304102892585 127.3455967575415 30000 30000
36.369304102892585 127.3455967575415 36.36926832063694 127.3455667420357 30000 30000
36.36926832063694 127.3455667420357 36.36919817042617 127.34556610105658 120000 30000
36.36919817042617 127.34556610105658 36.36920714336118 127.34541308209336 30000 30000
36.36920714336118 127.34541308209336 36.36918615861239 127.34550844264095 90000 30000
36.36918615861239 127.34550844264095 36.36913102516914 127.34549056815936 30000 30000
36.36913102516914 127.34549056815936 36.369230281965756 127.3455456322331 30000 30000
36.369230281965756 127.3455456322331 36.3693349957121 127.34568297791589 30000 30000
36.3693349957121 127.34568297791589 36.36924715803349 127.34561470449762 30000 60000
36.36924715803349 127.34561470449762 36.3691562914694 127.34554407682356 30000 60000
36.3691562914694 127.34554407682356 36.36941402840541 127.345833748351 90000 60000
36.36941402840541 127.345833748351 36.36933263200307 127.34596568461544 90000 270000
36.36933263200307 127.34596568461544 36.36936031475712 127.3457114597804 90000 2640000
36.36936031475712 127.3457114597804 36.374397626978705 127.3562669067996 300000 30000
36.374397626978705 127.3562669067996 36.37444212624271 127.3563333925484 30000 90000
36.37444212624271 127.3563333925484 36.37450614239488 127.35660940531099 60000 240000
36.37450614239488 127.35660940531099 36.37444594099642 127.35647862333491 30000 30000
36.37444594099642 127.35647862333491 36.37448424844859 127.3559951039028 30000 30000
36.37448424844859 127.3559951039028 36.374428901017026 127.35628376984232 30000 60000
36.374428901017026 127.35628376984232 36.3744067820118 127.35632330124898 30000 450000
36.3744067820118 127.35632330124898 36.37447436248738 127.35633995274803 30000 270000
36.37447436248738 127.35633995274803 36.374488130108745 127.35646456396374 30000 60000
36.374488130108745 127.35646456396374 36.37448913749454 127.35649565130227 30000 90000
36.37448913749454 127.35649565130227 36.374455329804135 127.35639979144821 30000 90000
36.374455329804135 127.35639979144821 36.374427669415056 127.35629330885038 30000 30000
36.374427669415056 127.35629330885038 36.37442824927907 127.3562037912997 30000 720000
36.37442824927907 127.3562037912997 36.374429679342704 127.35628012954895 30000 600000
36.374429679342704 127.35628012954895 36.374467176687034 127.35637587795682 30000 1200000
36.374467176687034 127.35637587795682 36.374515522843225 127.35648853515764 30000 30000
36.374515522843225 127.35648853515764 36.37453512794376 127.35653494367573 30000 120000
36.37453512794376 127.35653494367573 36.37449534292233 127.35641512888455 30000 60000
36.37449534292233 127.35641512888455 36.37446603486062 127.35626216530271 30000 30000
36.37446603486062 127.35626216530271 36.37444662602235 127.35617615910749 30000 60000
36.37444662602235 127.35617615910749 36.374410884097216 127.35610314071812 30000 30000
36.374410884097216 127.35610314071812 36.369147950620416 127.36294728291102 1170000 90000
36.369147950620416 127.36294728291102 36.369245029963494 127.36281867781709 30000 120000
36.369245029963494 127.36281867781709 36.3690787716735 127.36312013600093 60000 120000
36.3690787716735 127.36312013600093 36.36921363993759 127.3628232793099 30000 30000
36.36921363993759 127.3628232793099 36.369128858722384 127.36296445141775 30000 30000
36.369128858722384 127.36296445141775 36.369090497594485 127.36299397168708 30000 30000
36.369090497594485 127.36299397168708 36.36915581627933 127.36286764253941 30000 30000
36.36915581627933 127.36286764253941 36.36918410354284 127.36281848015626 30000 30000
36.36918410354284 127.36281848015626 36.36910038147641 127.36291428005849 30000 120000
36.36910038147641 127.36291428005849 36.36916012782277 127.36284001857986 30000 180000
36.36916012782277 127.36284001857986 36.36921531892754 127.36293539790972 30000 90000
36.36921531892754 127.36293539790972 36.36916522520943 127.36291986048148 30000 60000
36.36916522520943 127.36291986048148 36.36916025680828 127.36290653086344 30000 210000
36.36916025680828 127.36290653086344 36.36914924366287 127.36293484771184 30000 270000
36.36914924366287 127.36293484771184 36.36915855632837 127.36290367758829 30000 240000
36.36915855632837 127.36290367758829 36.369139939937064 127.36302294242535 30000 30000
36.369139939937064 127.36302294242535 36.369156939170104 127.3629458756653 30000 150000
36.369156939170104 127.3629458756653 36.36911366736643 127.36295348365469 30000 420000
36.36911366736643 127.36295348365469 36.36919788453417 127.36290907928117 30000 60000
36.36919788453417 127.36290907928117 36.36916073228473 127.36291579907974 30000 90000
36.36916073228473 127.36291579907974 36.369143297878814 127.36298796612017 30000 30000
36.369143297878814 127.36298796612017 36.369089006736 127.3628401282104 30000 330000
36.369089006736 127.3628401282104 36.369075991263045 127.36275599139813 30000 60000
36.369075991263045 127.36275599139813 36.369084332431896 127.36284941901926 30000 30000
36.369084332431896 127.36284941901926 36.36898609250944 127.36314666052057 60000 30000
36.36898609250944 127.36314666052057 36.36910167957008 127.36291435676299 60000 60000
36.36910167957008 127.36291435676299 36.3691934768073 127.36294353790943 30000 90000
36.3691934768073 127.36294353790943 36.369163619304395 127.36292300253024 30000 360000
36.369163619304395 127.36292300253024 36.369144039956204 127.36300293968225 30000 480000
36.369144039956204 127.36300293968225 36.36913687751562 127.36308525523624 30000 210000
36.36913687751562 127.36308525523624 36.3691187043431 127.36299339456838 30000 60000
36.3691187043431 127.36299339456838 36.369158821132075 127.36297572475394 30000 30000
36.369158821132075 127.36297572475394 36.36911435244702 127.36292262301403 30000 180000
36.36911435244702 127.36292262301403 36.36914970750381 127.36288197485662 30000 210000
36.36914970750381 127.36288197485662 36.36916915402477 127.36294648600574 30000 120000
36.36916915402477 127.36294648600574 36.37325944824766 127.36206695481633 150000 390000
36.37325944824766 127.36206695481633 36.385405530199584 127.34774754056214 150000 90000
36.385405530199584 127.34774754056214 36.39276697305612 127.34937636401702 150000 60000
36.39276697305612 127.34937636401702 36.392758349868515 127.34934704937616 30000 90000
36.392758349868515 127.34934704937616 36.38621009251823 127.34733716345113 240000 90000
36.38621009251823 127.34733716345113 36.386183309615596 127.37950391412595 480000 60000
36.386183309615596 127.37950391412595 36.38480158464256 127.38529179854437 750000 3630000
36.38480158464256 127.38529179854437 36.38490897156501 127.38465479315474 330000 30000
36.38490897156501 127.38465479315474 36.38490413611862 127.38420703404489 60000 30000
36.38490413611862 127.38420703404489 36.38490735973316 127.3833626411531 150000 30000
36.38490735973316 127.3833626411531 36.38491360550271 127.38377288084519 120000 30000
36.38491360550271 127.38377288084519 36.38483811901433 127.38397490846263 240000 30000
36.38483811901433 127.38397490846263 36.38478607095834 127.38356137036388 120000 60000
36.38478607095834 127.38356137036388 36.384884995849674 127.38626441709357 390000 30000
36.384884995849674 127.38626441709357 36.384625695796274 127.38431505692543 210000 30000
36.384625695796274 127.38431505692543 36.38498674143582 127.38413488133897 120000 30000
36.38498674143582 127.38413488133897 36.384916184410415 127.38409744437824 60000 30000
36.384916184410415 127.38409744437824 36.38490715827569 127.38404252587254 90000 120000
36.38490715827569 127.38404252587254 36.384734090059354 127.38422146458763 60000 30000
36.384734090059354 127.38422146458763 36.384863639391064 127.38416704083076 30000 30000
36.384863639391064 127.38416704083076 36.384873713187936 127.38422929828606 60000 30000
36.384873713187936 127.38422929828606 36.38473550039882 127.3842911434856 90000 30000
36.38473550039882 127.3842911434856 36.384855311691716 127.38418050930613 30000 30000
36.384855311691716 127.38418050930613 36.384954303730055 127.38373701067 90000 60000
36.384954303730055 127.38373701067 36.384978883880954 127.38384255978033 30000 30000
36.384978883880954 127.38384255978033 36.38477156467286 127.38439215728232 510000 30000
36.38477156467286 127.38439215728232 36.3849871443921 127.38368506072092 90000 30000
36.3849871443921 127.38368506072092 36.38477599714994 127.38472612125207 60000 30000
36.38477599714994 127.38472612125207 36.38476894547833 127.38488691869529 30000 30000
36.38476894547833 127.38488691869529 36.38455497756897 127.38593704992208 60000 30000
36.38455497756897 127.38593704992208 36.38480843483153 127.38486300526412 180000 30000
36.38480843483153 127.38486300526412 36.38589869064076 127.37594053226816 330000 30000
36.38589869064076 127.37594053226816 36.370804114628655 127.3735781150449 180000 60000
36.370804114628655 127.3735781150449 36.35472486980368 127.3783613450559 300000 90000
36.35472486980368 127.3783613450559 36.35473271395163 127.37845117173686 30000 120000
36.35473271395163 127.37845117173686 36.357758821855796 127.36849052425006 210000 60000
36.357758821855796 127.36849052425006 36.37322502205831 127.3626188048795 180000 30000
36.37322502205831 127.3626188048795 36.36942155012608 127.34577657589197 300000 60000
36.36942155012608 127.34577657589197 36.36893209691327 127.34581189636077 90000 60000
36.36893209691327 127.34581189636077 36.369322558135885 127.34574122791632 90000 30000
36.369322558135885 127.34574122791632 36.36953459182558 127.34607304794905 150000 30000
36.36953459182558 127.34607304794905 36.36932763528044 127.34605902968238 120000 30000
36.36932763528044 127.34605902968238 36.369322396891846 127.34597871338899 120000 30000
36.369322396891846 127.34597871338899 36.36923286083103 127.34586376382795 90000 30000
36.36923286083103 127.34586376382795 36.36924083925743 127.34575079329014 120000 30000
36.36924083925743 127.34575079329014 36.369143082954324 127.34575887442298 60000 30000
36.369143082954324 127.34575887442298 36.3692947543126 127.34584760165106 60000 30000
36.3692947543126 127.34584760165106 36.369356486759514 127.34611922565021 30000 30000
36.369356486759514 127.34611922565021 36.36931119484477 127.3458673920693 90000 30000
36.36931119484477 127.3458673920693 36.36943992478201 127.3461315947219 60000 30000
36.36943992478201 127.3461315947219 36.36924148402147 127.34592346506962 60000 60000
36.36924148402147 127.34592346506962 36.369226977708585 127.34575903933343 30000 30000
36.369226977708585 127.34575903933343 36.369206346605864 127.34563881230828 90000 150000
36.369206346605864 127.34563881230828 36.369186279487714 127.34558999581806 30000 30000
36.369186279487714 127.34558999581806 36.36923382794967 127.3456335348277 30000 60000
36.36923382794967 127.3456335348277 36.36928508349059 127.34571170712798 30000 30000
36.36928508349059 127.34571170712798 36.369350200632766 127.34570247161345 60000 90000
36.369350200632766 127.34570247161345 36.36921206848803 127.3455662472436 90000 30000
36.36921206848803 127.3455662472436 36.36916242464001 127.34541221156643 90000 30000
36.36916242464001 127.34541221156643 36.36925462023039 127.34557746187437 180000 30000
36.36925462023039 127.34557746187437 36.369390173633924 127.3460270350938 60000 30000
36.369390173633924 127.3460270350938 36.36938074448133 127.34619838754784 120000 30000
36.36938074448133 127.34619838754784 36.3693012821559 127.34591571381324 60000 30000
36.3693012821559 127.34591571381324 36.36938614403619 127.34614231452932 30000 30000
36.36938614403619 127.34614231452932 36.369447500290214 127.34608167875727 30000 30000
