36.369770117717295 127.34798695010716 36.369793730752214 127.34813100818462 30000 30000
36.369793730752214 127.34813100818462 36.36966559182528 127.34799791737404 30000 30000
36.36966559182528 127.34799791737404 36.369675867105904 127.34801844991313 120000 30000
36.369675867105904 127.34801844991313 36.36957194556816 127.34798257976468 30000 30000
36.36957194556816 127.34798257976468 36.36955602891523 127.34793112452319 30000 30000
36.36955602891523 127.34793112452319 36.36961187820907 127.34797952865208 30000 30000
36.36961187820907 127.34797952865208 36.369612804964476 127.34800385450029 30000 30000
36.369612804964476 127.34800385450029 36.369582355130426 127.34804098908677 60000 30000
36.369582355130426 127.34804098908677 36.36963272430154 127.34803560167383 60000 60000
36.36963272430154 127.34803560167383 36.36957017256629 127.34801135833906 30000 60000
36.36957017256629 127.34801135833906 36.369589514277536 127.34809827143326 90000 30000
36.369589514277536 127.34809827143326 36.36950300037352 127.34800707046867 30000 30000
36.36950300037352 127.34800707046867 36.36954688184689 127.34794934826306 30000 60000
36.36954688184689 127.34794934826306 36.36933593609194 127.34782771942241 390000 30000
36.36933593609194 127.34782771942241 36.36955244261814 127.34805019712827 120000 30000
36.36955244261814 127.34805019712827 36.369526881996336 127.34795731945769 30000 30000
36.369526881996336 127.34795731945769 36.36960176408583 127.3479280735201 30000 60000
36.36960176408583 127.3479280735201 36.369668090103744 127.34797169495855 30000 30000
36.369668090103744 127.34797169495855 36.36959233494661 127.34799890685606 30000 30000
36.36959233494661 127.34799890685606 36.36965028098531 127.34808187108042 210000 30000
36.36965028098531 127.34808187108042 36.369543451374284 127.34803771265247 60000 30000
36.369543451374284 127.34803771265247 36.36948907427634 127.34793197116191 30000 60000
36.36948907427634 127.34793197116191 36.369533168059455 127.34798215094598 90000 60000
36.369533168059455 127.34798215094598 36.369435272069126 127.34786812494593 30000 60000
36.369435272069126 127.34786812494593 36.36959444240726 127.34803581606336 30000 30000
36.36959444240726 127.34803581606336 36.36968584418567 127.34801090488412 30000 30000
36.36968584418567 127.34801090488412 36.36953524060698 127.34777485418317 90000 30000
36.36953524060698 127.34777485418317 36.36965614256866 127.34794160522421 30000 30000
36.36965614256866 127.34794160522421 36.3694525426142 127.34782818945072 60000 30000
36.3694525426142 127.34782818945072 36.36964453149969 127.34806625626817 60000 90000
36.36964453149969 127.34806625626817 36.36969977429329 127.34784837573876 210000 90000
36.36969977429329 127.34784837573876 36.36967392885842 127.34786648397956 60000 30000
36.36967392885842 127.34786648397956 36.36960457262316 127.34785268013385 30000 30000
36.36960457262316 127.34785268013385 36.36984078763692 127.34809834565249 30000 30000
36.36984078763692 127.34809834565249 36.36998840933136 127.34799773593843 270000 30000
36.36998840933136 127.34799773593843 36.36976459326481 127.34798119439978 30000 30000
36.36976459326481 127.34798119439978 36.369809466059834 127.34794711358762 30000 30000
36.369809466059834 127.34794711358762 36.369907508457906 127.34794738568964 30000 30000
36.369907508457906 127.34794738568964 36.36983623427234 127.34788295952328 90000 30000
36.36983623427234 127.34788295952328 36.36958466270732 127.34805229983996 30000 30000
36.36958466270732 127.34805229983996 36.36950109444943 127.34783549539512 30000 30000
36.36950109444943 127.34783549539512 36.36959038066239 127.34802138553341 30000 30000
36.36959038066239 127.34802138553341 36.369489310715515 127.34787259973284 30000 30000
36.369489310715515 127.34787259973284 36.3695177282697 127.34797997400364 30000 60000
36.3695177282697 127.34797997400364 36.36944986098158 127.34781968779315 30000 30000
36.36944986098158 127.34781968779315 36.36950920988944 127.34791728774289 30000 90000
36.36950920988944 127.34791728774289 36.369461146473235 127.34782566452411 30000 30000
36.369461146473235 127.34782566452411 36.36955662207587 127.3479828600919 30000 120000
36.36955662207587 127.3479828600919 36.3695302028395 127.34789784691343 30000 120000
36.3695302028395 127.34789784691343 36.3694621060405 127.34782136725347 30000 120000
36.3694621060405 127.34782136725347 36.36953102490308 127.34788326793628 30000 150000
36.36953102490308 127.34788326793628 36.369569237699196 127.34794510981173 30000 120000
36.369569237699196 127.34794510981173 36.36950763965748 127.34787005998288 30000 30000
36.36950763965748 127.34787005998288 36.369525047892054 127.34787223971355 60000 60000
36.369525047892054 127.34787223971355 36.369500816348314 127.34783074983642 30000 90000
36.369500816348314 127.34783074983642 36.36951851399563 127.34787143325192 60000 210000
36.36951851399563 127.34787143325192 36.36948464991867 127.34783589949858 30000 120000
36.36948464991867 127.34783589949858 36.36952427894752 127.34791183985931 30000 60000
36.36952427894752 127.34791183985931 36.369504221304226 127.34784741916528 30000 60000
36.369504221304226 127.34784741916528 36.369531595211875 127.34797177745806 120000 30000
36.369531595211875 127.34797177745806 36.36951793374902 127.34794260853705 60000 150000
36.36951793374902 127.34794260853705 36.36956588995041 127.348024159487 30000 60000
36.36956588995041 127.348024159487 36.3696063174362 127.34791606729266 30000 120000
36.3696063174362 127.34791606729266 36.369542471544975 127.34800467083855 30000 30000
36.369542471544975 127.34800467083855 36.369540376631974 127.34792654305575 30000 90000
36.369540376631974 127.34792654305575 36.36951638642929 127.34797855568314 30000 120000
36.36951638642929 127.34797855568314 36.36950511184919 127.34789733646966 30000 30000
36.36950511184919 127.34789733646966 36.36952654892195 127.34799948408798 30000 90000
36.36952654892195 127.34799948408798 36.36950531730943 127.34793570935437 30000 90000
36.36950531730943 127.34793570935437 36.36944862183366 127.34794901020615 30000 30000
36.36944862183366 127.34794901020615 36.369497093100684 127.34805731341046 30000 30000
36.369497093100684 127.34805731341046 36.36962158393817 127.34802159989732 30000 30000
36.36962158393817 127.34802159989732 36.369537679605216 127.34793978758894 30000 60000
36.369537679605216 127.34793978758894 36.36950125356062 127.34795864565905 60000 180000
36.36950125356062 127.34795864565905 36.36930377242915 127.3479207757732 30000 90000
36.36930377242915 127.3479207757732 36.36956802082108 127.34792977222014 30000 30000
36.36956802082108 127.34792977222014 36.36951424945962 127.34801061068806 90000 30000
36.36951424945962 127.34801061068806 36.36964835348528 127.34831783009793 30000 150000
36.36964835348528 127.34831783009793 36.369638924352145 127.3482698877131 60000 30000
36.369638924352145 127.3482698877131 36.369556750221335 127.34807192540774 30000 30000
36.369556750221335 127.34807192540774 36.36951781889541 127.34795427114022 30000 30000
36.36951781889541 127.34795427114022 36.369566691087016 127.3480243458803 30000 90000
36.369566691087016 127.3480243458803 36.36950490630598 127.34797596643509 30000 30000
36.36950490630598 127.34797596643509 36.36952621450564 127.34793188320745 30000 30000
36.36952621450564 127.34793188320745 36.36950643749046 127.34800385446464 30000 30000
36.36950643749046 127.34800385446464 36.36939088682751 127.34793451368459 30000 30000
36.36939088682751 127.34793451368459 36.369559574891866 127.34797787124953 30000 30000
36.369559574891866 127.34797787124953 36.3695349504128 127.34792756231519 30000 30000
36.3695349504128 127.34792756231519 36.36946346259531 127.34788919352145 60000 30000
36.36946346259531 127.34788919352145 36.36954860118463 127.3479273726104 30000 30000
36.36954860118463 127.3479273726104 36.369529204397764 127.34800643547297 30000 150000
36.369529204397764 127.34800643547297 36.36955052864469 127.34798142528547 30000 30000
36.36955052864469 127.34798142528547 36.36964510968882 127.34801295809281 30000 30000
36.36964510968882 127.34801295809281 36.369576606371226 127.3481023559799 30000 90000
36.369576606371226 127.3481023559799 36.36962448254659 127.34796628147653 90000 60000
36.36962448254659 127.34796628147653 36.36961340933673 127.3479584848563 90000 90000
36.36961340933673 127.3479584848563 36.36964365500566 127.34804346013463 30000 60000
36.36964365500566 127.34804346013463 36.36946374471723 127.34800243618453 90000 30000
36.36946374471723 127.34800243618453 36.36954651114305 127.34797709613122 30000 60000
36.36954651114305 127.34797709613122 36.36966736475239 127.34800562739233 90000 30000
36.36966736475239 127.34800562739233 36.369554106859425 127.34793900774835 30000 30000
36.369554106859425 127.34793900774835 36.36991012367467 127.34805443147167 60000 30000
36.36991012367467 127.34805443147167 36.36981380992469 127.34803795181251 30000 90000
36.36981380992469 127.34803795181251 36.369687053064666 127.3480353130951 30000 30000
36.369687053064666 127.3480353130951 36.36972314152301 127.34800126522404 150000 30000
36.36972314152301 127.34800126522404 36.369627468492894 127.34796505691854 30000 30000
36.369627468492894 127.34796505691854 36.369736503415425 127.34802153395604 30000 30000
36.369736503415425 127.34802153395604 36.36984394269583 127.34809467618689 30000 30000
36.36984394269583 127.34809467618689 36.36957084680727 127.34796918821813 30000 30000
36.36957084680727 127.34796918821813 36.36950895194036 127.34800185070029 60000 60000
36.36950895194036 127.34800185070029 36.36958709054616 127.34802947900624 60000 30000
36.36958709054616 127.34802947900624 36.36968701277672 127.34806738738469 30000 30000
36.36968701277672 127.34806738738469 36.369582090538856 127.34803058668558 30000 60000
36.369582090538856 127.34803058668558 36.369807487575954 127.34803166834863 270000 90000
36.369807487575954 127.34803166834863 36.3698468494846 127.3479040116346 60000 30000
36.3698468494846 127.3479040116346 36.36950662289632 127.34805730517263 90000 30000
36.36950662289632 127.34805730517263 36.36966400815341 127.34808080637973 60000 30000
36.36966400815341 127.34808080637973 36.369608469212956 127.34796490577442 30000 30000
36.369608469212956 127.34796490577442 36.36972874252746 127.34808034465935 60000 60000
36.36972874252746 127.34808034465935 36.36963964965349 127.34805680215197 90000 60000
36.36963964965349 127.34805680215197 36.369696872910666 127.34803249291346 120000 30000
36.369696872910666 127.34803249291346 36.3698003311068 127.34815656256868 30000 30000
36.3698003311068 127.34815656256868 36.36979153865737 127.34804324162404 30000 30000
36.36979153865737 127.34804324162404 36.369737000359564 127.3480553591737 30000 90000
36.369737000359564 127.3480553591737 36.369696261851644 127.34801209773913 30000 60000
36.369696261851644 127.34801209773913 36.369757094201844 127.34799545999877 60000 150000
36.369757094201844 127.34799545999877 36.36966088815219 127.3481162097437 30000 30000
36.36966088815219 127.3481162097437 36.369677583607256 127.34799120508984 30000 90000
36.369677583607256 127.34799120508984 36.369684183997194 127.34798248079477 30000 30000
36.369684183997194 127.34798248079477 36.36970120482748 127.34785890584793 60000 30000
36.36970120482748 127.34785890584793 36.36957886824918 127.3480300108431 60000 30000
36.36957886824918 127.3480300108431 36.369558825403104 127.34804743474257 30000 30000
36.369558825403104 127.34804743474257 36.36951899487175 127.34789318731616 60000 30000
36.36951899487175 127.34789318731616 36.36952861200868 127.34797220621184 30000 60000
36.36952861200868 127.34797220621184 36.369493277101185 127.34793352415737 30000 30000
36.369493277101185 127.34793352415737 36.36951655565251 127.34795574717542 120000 90000
36.36951655565251 127.34795574717542 36.36966364956249 127.34814288250007 90000 30000
36.36966364956249 127.34814288250007 36.36947754182772 127.34798576268953 30000 30000
36.36947754182772 127.34798576268953 36.36940574369606 127.3478250642124 120000 30000
36.36940574369606 127.3478250642124 36.369514411950504 127.34799428906427 60000 30000
36.369514411950504 127.34799428906427 36.369865367727286 127.34786429879003 30000 30000
36.369865367727286 127.34786429879003 36.36971654116417 127.34819608578678 150000 30000
36.36971654116417 127.34819608578678 36.369670717360655 127.34814609842948 150000 30000
36.369670717360655 127.34814609842948 36.36972115887724 127.34805148350769 30000 30000
36.36972115887724 127.34805148350769 36.36960417963676 127.34792675922421 30000 30000
36.36960417963676 127.34792675922421 36.36943545339447 127.34808013019833 30000 30000
36.36943545339447 127.34808013019833 36.36937453902749 127.34822852564491 30000 30000
36.36937453902749 127.34822852564491 36.369715415569026 127.34813314662284 90000 30000
36.369715415569026 127.34813314662284 36.36945535517464 127.34780530668334 240000 60000
36.36945535517464 127.34780530668334 36.369352763415606 127.34794727024632 240000 30000
36.369352763415606 127.34794727024632 36.369479274470635 127.34806583160928 30000 30000
36.369479274470635 127.34806583160928 36.36954206263094 127.34803271556105 60000 30000
36.36954206263094 127.34803271556105 36.36961212797907 127.34820383708441 90000 30000
36.36961212797907 127.34820383708441 36.36963353286414 127.34820960930023 120000 30000
36.36963353286414 127.34820960930023 36.369478557191854 127.34804196761434 210000 30000
36.369478557191854 127.34804196761434 36.36940098073039 127.34781874774043 60000 30000
36.36940098073039 127.34781874774043 36.369502766654406 127.34804523306397 60000 30000
36.369502766654406 127.34804523306397 36.36953484173718 127.34822733817555 180000 30000
36.36953484173718 127.34822733817555 36.36940866910935 127.34807993228408 90000 30000
36.36940866910935 127.34807993228408 36.36944997982246 127.3482458918131 30000 30000
36.36944997982246 127.3482458918131 36.36963267050847 127.34814776412955 90000 30000
36.36963267050847 127.34814776412955 36.36954312368741 127.34798415745145 120000 30000
36.36954312368741 127.34798415745145 36.36948125702691 127.34811159698077 90000 60000
36.36948125702691 127.34811159698077 36.36946202804074 127.348174629667 60000 30000
36.36946202804074 127.348174629667 36.36952104460109 127.3477665009283 60000 30000
36.36952104460109 127.3477665009283 36.36943328147252 127.34794484591826 90000 30000
36.36943328147252 127.34794484591826 36.369469931346345 127.34802111065663 30000 30000
36.369469931346345 127.34802111065663 36.369469893776326 127.34812990323479 30000 60000
36.369469893776326 127.34812990323479 36.369445732658484 127.3480317590172 30000 30000
36.369445732658484 127.3480317590172 36.369395266901165 127.34802915329595 30000 30000
36.369395266901165 127.34802915329595 36.369412368246024 127.34802120412844 30000 30000
36.369412368246024 127.34802120412844 36.369501662560396 127.34796541150581 60000 30000
36.369501662560396 127.34796541150581 36.36945339416539 127.34803122578423 30000 30000
36.36945339416539 127.34803122578423 36.36948890508744 127.34812225093012 30000 60000
36.36948890508744 127.34812225093012 36.36941828357968 127.34805234114809 30000 30000
36.36941828357968 127.34805234114809 36.36952301100008 127.34798295909266 30000 30000
36.36952301100008 127.34798295909266 36.36951973904908 127.34793000306158 30000 30000
36.36951973904908 127.34793000306158 36.36955852725676 127.3478907849491 30000 30000
36.36955852725676 127.3478907849491 36.36941471340731 127.34798351982215 180000 30000
36.36941471340731 127.34798351982215 36.369465703035566 127.3480051408321 60000 30000
36.369465703035566 127.3480051408321 36.36954350518405 127.34798932499507 60000 30000
36.36954350518405 127.34798932499507 36.36952421172064 127.34799209563856 120000 60000
36.36952421172064 127.34799209563856 36.36957153458647 127.34800835681257 30000 30000
36.36957153458647 127.34800835681257 36.369344349777386 127.3481196451828 60000 30000
36.369344349777386 127.3481196451828 36.36942090271695 127.34798953939372 30000 30000
36.36942090271695 127.34798953939372 36.36938484656515 127.34803316909394 30000 30000
36.36938484656515 127.34803316909394 36.369444249810485 127.34809658927912 30000 90000
36.369444249810485 127.34809658927912 36.36960961357062 127.34803969170508 90000 30000
36.36960961357062 127.34803969170508 36.369577973780096 127.34791859056435 90000 90000
36.369577973780096 127.34791859056435 36.36961809971422 127.34797372350783 30000 30000
36.36961809971422 127.34797372350783 36.36952797532 127.34789538628395 30000 30000
36.36952797532 127.34789538628395 36.369447030199 127.34782089171523 30000 30000
36.369447030199 127.34782089171523 36.369465813166705 127.34793771037097 60000 30000
36.369465813166705 127.34793771037097 36.36971923279842 127.34816166691161 30000 150000
36.36971923279842 127.34816166691161 36.3694451605442 127.34795663772759 60000 30000
36.3694451605442 127.34795663772759 36.36963004325497 127.34811370798917 60000 30000
36.36963004325497 127.34811370798917 36.3696604581184 127.34810364787589 30000 30000
36.3696604581184 127.34810364787589 36.36971573794339 127.34816334906289 30000 30000
36.36971573794339 127.34816334906289 36.36949450610786 127.34792470089035 150000 60000
36.36949450610786 127.34792470089035 36.369559263343405 127.34799890137168 30000 90000
36.369559263343405 127.34799890137168 36.3696303011922 127.34808514380947 120000 60000
36.3696303011922 127.34808514380947 36.36969936729912 127.34816054542632 30000 30000
36.36969936729912 127.34816054542632 36.36962920514347 127.3481067978131 240000 30000
36.36962920514347 127.3481067978131 36.369497254255876 127.3479619646827 60000 30000
36.369497254255876 127.3479619646827 36.36973127307197 127.34820777865322 90000 30000
36.36973127307197 127.34820777865322 36.36956456350441 127.34800634478628 30000 30000
36.36956456350441 127.34800634478628 36.369799823375665 127.3482361944583 60000 30000
36.369799823375665 127.3482361944583 36.36963190490256 127.34807025144173 60000 30000
36.36963190490256 127.34807025144173 36.369718983014685 127.34815081511167 30000 30000
36.369718983014685 127.34815081511167 36.36962278209484 127.34806794256737 30000 30000
36.36962278209484 127.34806794256737 36.36958286554969 127.34802184728827 30000 30000
36.36958286554969 127.34802184728827 36.36961866387202 127.34804813562603 30000 30000
36.36961866387202 127.34804813562603 36.36966377387683 127.34805819577984 30000 60000
36.36966377387683 127.34805819577984 36.36960383524824 127.34799122978838 30000 180000
36.36960383524824 127.34799122978838 36.36963471107333 127.34804033820167 30000 90000
36.36963471107333 127.34804033820167 36.369571996615576 127.34797850254525 30000 120000
36.369571996615576 127.34797850254525 36.36954569725083 127.34797115074934 30000 240000
36.36954569725083 127.34797115074934 36.369521109091465 127.34793039890059 60000 30000
36.369521109091465 127.34793039890059 36.36957848142497 127.34797075493275 30000 30000
36.36957848142497 127.34797075493275 36.369548002093026 127.34792935164074 30000 150000
36.369548002093026 127.34792935164074 36.36964039435308 127.34805925127166 30000 90000
36.36964039435308 127.34805925127166 36.36946441761357 127.34780390487867 30000 120000
36.36946441761357 127.34780390487867 36.36950681550688 127.34789733563977 30000 90000
36.36950681550688 127.34789733563977 36.36954073549569 127.34788969101277 30000 270000
36.36954073549569 127.34788969101277 36.36950805820716 127.3478298205001 30000 150000
36.36950805820716 127.3478298205001 36.369442589691694 127.3477847576087 30000 120000
36.369442589691694 127.3477847576087 36.36944619203983 127.34788679393469 30000 90000
36.36944619203983 127.34788679393469 36.369574427730456 127.34810679789919 30000 30000
36.369574427730456 127.34810679789919 36.36961778541979 127.34816867601594 30000 30000
36.36961778541979 127.34816867601594 36.369823343757886 127.34824937984985 90000 30000
36.369823343757886 127.34824937984985 36.36971515763198 127.34818342539204 60000 90000
36.36971515763198 127.34818342539204 36.36959272176091 127.34799791735094 30000 60000
36.36959272176091 127.34799791735094 36.36952701929116 127.34787606059717 30000 30000
36.36952701929116 127.34787606059717 36.3695551183079 127.34795477413488 60000 300000
36.3695551183079 127.34795477413488 36.369549142501214 127.34799525387658 60000 30000
36.369549142501214 127.34799525387658 36.369415769164036 127.3477807170493 30000 90000
36.369415769164036 127.3477807170493 36.36956744863757 127.347996284647 60000 30000
36.36956744863757 127.347996284647 36.369494780105846 127.34785194619904 30000 30000
36.369494780105846 127.34785194619904 36.36952282565938 127.34791850813835 30000 150000
36.36952282565938 127.34791850813835 36.36949342623747 127.34781896216447 30000 30000
36.36949342623747 127.34781896216447 36.36946086763295 127.34777906786798 30000 30000
36.36946086763295 127.34777906786798 36.36961802719327 127.34811491195812 60000 30000
36.36961802719327 127.34811491195812 36.369577063023684 127.3480009023968 30000 30000
36.369577063023684 127.3480009023968 36.36958034041177 127.3479636633701 60000 30000
36.36958034041177 127.3479636633701 36.369515975456 127.34791319769579 30000 60000
36.369515975456 127.34791319769579 36.36956716656029 127.3479981317444 30000 30000
36.36956716656029 127.3479981317444 36.369655429292465 127.34814848975455 60000 30000
36.369655429292465 127.34814848975455 36.36955624652947 127.34793224604707 30000 30000
36.36955624652947 127.34793224604707 36.36980888178495 127.34843780975689 60000 30000
36.36980888178495 127.34843780975689 36.3696830316068 127.34815168920629 240000 30000
36.3696830316068 127.34815168920629 36.36975085653937 127.34841168632727 240000 30000
36.36975085653937 127.34841168632727 36.36951150261396 127.34800128175033 210000 30000
36.36951150261396 127.34800128175033 36.37008087484925 127.34911782639682 90000 30000
36.37008087484925 127.34911782639682 36.36948444299227 127.34796587331107 120000 30000
36.36948444299227 127.34796587331107 36.36942355424701 127.34802048394319 90000 60000
36.36942355424701 127.34802048394319 36.369431242482 127.34790882728183 90000 60000
36.369431242482 127.34790882728183 36.369465686903915 127.3478305945456 180000 30000
36.369465686903915 127.3478305945456 36.369449165825 127.3478142784305 30000 60000
36.369449165825 127.3478142784305 36.369556536709524 127.34825789796005 60000 7290000
36.369556536709524 127.34825789796005 36.36951381561355 127.34805842665746 30000 30000
36.36951381561355 127.34805842665746 36.369505966096156 127.34801166842223 30000 60000
36.369505966096156 127.34801166842223 36.369462522357104 127.34789083446242 90000 120000
36.369462522357104 127.34789083446242 36.36945061650262 127.3478050757987 30000 60000
36.36945061650262 127.3478050757987 36.36945797438346 127.3477977121139 60000 30000
36.36945797438346 127.3477977121139 36.36950316559037 127.34797024367711 30000 90000
36.36950316559037 127.34797024367711 36.36953568787346 127.3480533910935 30000 90000
36.36953568787346 127.3480533910935 36.36952785854707 127.34800977514037 30000 60000
36.36952785854707 127.34800977514037 36.36956978570184 127.34808258750232 30000 90000
36.36956978570184 127.34808258750232 36.36951959391684 127.34802653110302 30000 30000
36.36951959391684 127.34802653110302 36.36957885218739 127.34795228384291 30000 30000
36.36957885218739 127.34795228384291 36.37222675950987 127.3551687423972 570000 30000
36.37222675950987 127.3551687423972 36.37221100411189 127.35542115328269 90000 30000
36.37221100411189 127.35542115328269 36.37219162174338 127.35534174402358 90000 30000
36.37219162174338 127.35534174402358 36.37216502704998 127.35525697490037 30000 30000
36.37216502704998 127.35525697490037 36.372211205461326 127.35542610076662 30000 30000
36.372211205461326 127.35542610076662 36.37219412054766 127.35553478343982 120000 30000
36.37219412054766 127.35553478343982 36.372257867586484 127.35539748721916 270000 30000
36.372257867586484 127.35539748721916 36.37214596765287 127.35531428471243 90000 30000
36.37214596765287 127.35531428471243 36.37223453662272 127.35536268897135 30000 30000
36.37223453662272 127.35536268897135 36.3721757052716 127.35543888233568 30000 30000
36.3721757052716 127.35543888233568 36.37210941972091 127.3552441936298 90000 30000
36.37210941972091 127.3552441936298 36.372270157330746 127.35540787711143 30000 30000
36.372270157330746 127.35540787711143 36.37214028588417 127.35512190505061 90000 30000
36.37214028588417 127.35512190505061 36.37225887467249 127.35530628608085 60000 30000
36.37225887467249 127.35530628608085 36.37217219952075 127.35447879759131 300000 60000
36.37217219952075 127.35447879759131 36.37217743815417 127.35488004909935 300000 30000
36.37217743815417 127.35488004909935 36.37205743852746 127.35497883642032 660000 30000
36.37205743852746 127.35497883642032 36.37229703424721 127.35526596308067 30000 30000
36.37229703424721 127.35526596308067 36.37218666537498 127.35531725330597 450000 30000
36.37218666537498 127.35531725330597 36.3723116081364 127.3550481855789 60000 30000
36.3723116081364 127.3550481855789 36.37233132584611 127.35473269260834 60000 60000
36.37233132584611 127.35473269260834 36.37212727063541 127.35447525182282 90000 30000
36.37212727063541 127.35447525182282 36.372533487164134 127.3550417536263 90000 30000
36.372533487164134 127.3550417536263 36.37243323242046 127.35487485416786 30000 30000
36.37243323242046 127.35487485416786 36.37251023678693 127.35516750552796 60000 30000
36.37251023678693 127.35516750552796 36.37006628797395 127.34815632347829 960000 30000
36.37006628797395 127.34815632347829 36.370070024903924 127.34749461523376 60000 30000
36.370070024903924 127.34749461523376 36.37000277059187 127.34821403734475 420000 30000
36.37000277059187 127.34821403734475 36.369676844857075 127.34804250635212 300000 30000
36.369676844857075 127.34804250635212 36.36974711719519 127.34810062159964 30000 60000
36.36974711719519 127.34810062159964 36.369686210904845 127.3481072596637 90000 30000
36.369686210904845 127.3481072596637 36.36967925184412 127.34803224554037 60000 30000
36.36967925184412 127.34803224554037 36.36965579591869 127.34799506421778 60000 30000
36.36965579591869 127.34799506421778 36.369691692388436 127.34797318475023 30000 30000
36.369691692388436 127.34797318475023 36.36979219549157 127.3480326908136 30000 60000
36.36979219549157 127.3480326908136 36.369704903802514 127.34797791249204 30000 30000
36.369704903802514 127.34797791249204 36.36968312827579 127.34807501769446 30000 30000
36.36968312827579 127.34807501769446 36.369749059369425 127.348078068737 30000 60000
36.369749059369425 127.348078068737 36.36971415972361 127.34806961650102 30000 30000
36.36971415972361 127.34806961650102 36.36972299372533 127.3480664472619 30000 30000
36.36972299372533 127.3480664472619 36.36963416949826 127.34802652281547 30000 60000
36.36963416949826 127.34802652281547 36.3696894143562 127.34813382834994 30000 30000
36.3696894143562 127.34813382834994 36.36967909341312 127.34803192390821 30000 30000
36.36967909341312 127.34803192390821 36.36965475633458 127.34807430029036 30000 60000
36.36965475633458 127.34807430029036 36.36965781073989 127.34790195010021 30000 30000
36.36965781073989 127.34790195010021 36.36962734695309 127.34802630958639 30000 30000
36.36962734695309 127.34802630958639 36.36961650803431 127.34805969655045 120000 180000
36.36961650803431 127.34805969655045 36.36959307908719 127.34799107867475 30000 30000
36.36959307908719 127.34799107867475 36.369526649706614 127.34791587761885 30000 60000
36.369526649706614 127.34791587761885 36.369561118167155 127.34804406212945 60000 30000
36.369561118167155 127.34804406212945 36.3695620127438 127.34795049444296 30000 30000
36.3695620127438 127.34795049444296 36.36964052006203 127.3480167732513 60000 30000
36.36964052006203 127.3480167732513 36.36966447153133 127.3479925354214 60000 60000
36.36966447153133 127.3479925354214 36.369747853254985 127.34815852789791 90000 60000
36.369747853254985 127.34815852789791 36.36957842505388 127.34795451025695 60000 60000
36.36957842505388 127.34795451025695 36.369602102527274 127.34795792411947 90000 30000
36.369602102527274 127.34795792411947 36.36967582677458 127.34796458691568 30000 30000
36.36967582677458 127.34796458691568 36.36961533955544 127.34802089078939 90000 30000
36.36961533955544 127.34802089078939 36.3695465232457 127.34800161980932 30000 30000
36.3695465232457 127.34800161980932 36.36948271166686 127.34787673379427 60000 30000
36.36948271166686 127.34787673379427 36.3694955457428 127.34782086423229 60000 30000
36.3694955457428 127.34782086423229 36.369547857036565 127.34794456557182 30000 60000
36.369547857036565 127.34794456557182 36.36948002803764 127.34786894130796 30000 90000
36.36948002803764 127.34786894130796 36.36944463670126 127.34791172992351 30000 30000
36.36944463670126 127.34791172992351 36.36945050901656 127.34785277632689 30000 30000
36.36945050901656 127.34785277632689 36.36951171862715 127.34787185542623 30000 60000
36.36951171862715 127.34787185542623 36.36961141880087 127.3480256817295 60000 120000
36.36961141880087 127.3480256817295 36.369572719298425 127.34794835323613 90000 30000
36.369572719298425 127.34794835323613 36.36958093541275 127.3479721512635 60000 60000
36.36958093541275 127.3479721512635 36.36961714482438 127.34799626814166 30000 150000
36.36961714482438 127.34799626814166 36.36952701230764 127.34792084997963 30000 30000
36.36952701230764 127.34792084997963 36.36956881457736 127.3479492823367 30000 30000
36.36956881457736 127.3479492823367 36.36957569706016 127.34787950442552 60000 30000
36.36957569706016 127.34787950442552 36.369620686711364 127.34793302115654 90000 30000
36.369620686711364 127.34793302115654 36.36952404257355 127.34787846546031 30000 30000
36.36952404257355 127.34787846546031 36.36961711252152 127.34793449718987 30000 60000
36.36961711252152 127.34793449718987 36.369547913433856 127.34791593067646 30000 30000
36.369547913433856 127.34791593067646 36.369592748623084 127.34791950314225 30000 180000
36.369592748623084 127.34791950314225 36.36961364506457 127.34802175661927 30000 60000
36.36961364506457 127.34802175661927 36.3696808959397 127.34811181148157 30000 90000
36.3696808959397 127.34811181148157 36.36957329947586 127.34800052310521 30000 30000
36.36957329947586 127.34800052310521 36.36950842406108 127.34789447098278 90000 30000
36.36950842406108 127.34789447098278 36.36955586369939 127.34797163726074 30000 30000
36.36955586369939 127.34797163726074 36.36962727905417 127.34796866042745 30000 30000
36.36962727905417 127.34796866042745 36.36964104796253 127.3479917493384 30000 30000
36.36964104796253 127.3479917493384 36.36957192938764 127.34797660962539 30000 30000
36.36957192938764 127.34797660962539 36.36954631381825 127.34785884813809 60000 30000
36.36954631381825 127.34785884813809 36.36957329677316 127.34796563144346 30000 30000
36.36957329677316 127.34796563144346 36.36964307208916 127.34799451450094 30000 60000
36.36964307208916 127.34799451450094 36.36970239344822 127.34806324234782 30000 60000
36.36970239344822 127.34806324234782 36.369611221327915 127.34806240127023 30000 30000
36.369611221327915 127.34806240127023 36.36961291244373 127.34801027541027 30000 30000
36.36961291244373 127.34801027541027 36.36971647670789 127.34819794940165 60000 60000
36.36971647670789 127.34819794940165 36.369679018175994 127.34813937513779 60000 30000
36.369679018175994 127.34813937513779 36.36962801243844 127.34802663004712 30000 60000
36.36962801243844 127.34802663004712 36.36952103916655 127.34794610485609 30000 30000
36.36952103916655 127.34794610485609 36.36957803417384 127.34805860806406 60000 60000
36.36957803417384 127.34805860806406 36.369575898511286 127.34801153150657 30000 30000
36.369575898511286 127.34801153150657 36.36963677794799 127.34808810685728 30000 30000
36.36963677794799 127.34808810685728 36.369597512084425 127.34804457009015 60000 60000
36.369597512084425 127.34804457009015 36.369541954363456 127.3479558697144 30000 120000
36.369541954363456 127.3479558697144 36.369507636978426 127.34782646600712 30000 180000
36.369507636978426 127.34782646600712 36.369542255981884 127.3479041188423 30000 60000
36.369542255981884 127.3479041188423 36.369559611157854 127.34799744736424 30000 30000
36.369559611157854 127.34799744736424 36.36958373057405 127.3480302747575 60000 30000
36.36958373057405 127.3480302747575 36.36955461058143 127.34799726590862 30000 60000
36.36955461058143 127.34799726590862 36.36959889497764 127.34797668381022 180000 90000
36.36959889497764 127.34797668381022 36.371003346403825 127.36104083554844 720000 30000
36.371003346403825 127.36104083554844 36.371052998285144 127.36107652498546 30000 30000
36.371052998285144 127.36107652498546 36.37102645592766 127.36098841541326 60000 3960000
36.37102645592766 127.36098841541326 36.372329782055914 127.35519550715937 480000 30000
36.372329782055914 127.35519550715937 36.37184658155067 127.35525664493225 300000 30000
36.37184658155067 127.35525664493225 36.3730417079793 127.35500223873396 90000 30000
36.3730417079793 127.35500223873396 36.3727283153724 127.35533209620044 90000 30000
36.3727283153724 127.35533209620044 36.372551841051546 127.35466008074384 150000 30000
36.372551841051546 127.35466008074384 36.372726322801924 127.35481352938677 60000 30000
36.372726322801924 127.35481352938677 36.37300385526668 127.35625342459888 60000 510000
36.37300385526668 127.35625342459888 36.36954873549139 127.34915330904275 600000 4080000
36.36954873549139 127.34915330904275 36.370181215443225 127.34925397124826 90000 30000
36.370181215443225 127.34925397124826 36.36893048512594 127.34642977087567 270000 30000
36.36893048512594 127.34642977087567 36.369579469812024 127.34798139907312 450000 1020000
36.369579469812024 127.34798139907312 36.36956964877008 127.34813010110626 60000 30000
36.36956964877008 127.34813010110626 36.36964236157257 127.34815389088575 120000 30000
36.36964236157257 127.34815389088575 36.36956549829963 127.34803950477732 30000 30000
36.36956549829963 127.34803950477732 36.369486116634356 127.34805473244872 90000 60000
36.369486116634356 127.34805473244872 36.36962942004987 127.34823389108277 90000 60000
36.36962942004987 127.34823389108277 36.36959412810359 127.34819378102421 30000 60000
36.36959412810359 127.34819378102421 36.36965860050765 127.34832965490264 30000 90000
36.36965860050765 127.34832965490264 36.3694968351391 127.34810396118982 30000 30000
36.3694968351391 127.34810396118982 36.36947594205407 127.34791046824174 30000 30000
36.36947594205407 127.34791046824174 36.36946191931095 127.34801003900867 60000 30000
36.36946191931095 127.34801003900867 36.3696191313502 127.34831650243916 60000 30000
36.3696191313502 127.34831650243916 36.36949184862867 127.3480256858414 60000 30000
36.36949184862867 127.3480256858414 36.36943641240326 127.34780034264745 90000 90000
36.36943641240326 127.34780034264745 36.3694621409129 127.34788519421062 30000 30000
36.3694621409129 127.34788519421062 36.36950692917853 127.34799841210754 30000 30000
36.36950692917853 127.34799841210754 36.369433934315694 127.34800814241967 60000 30000
36.369433934315694 127.34800814241967 36.36943407022879 127.34787361884044 30000 30000
36.36943407022879 127.34787361884044 36.36948845379115 127.34795545029203 30000 210000
36.36948845379115 127.34795545029203 36.369442436577636 127.34832355283436 60000 30000
36.369442436577636 127.34832355283436 36.36951583438723 127.34808037758543 30000 30000
36.36951583438723 127.34808037758543 36.36947400789006 127.34786507393645 30000 30000
36.36947400789006 127.34786507393645 36.36950326901589 127.34800030870379 30000 30000
36.36950326901589 127.34800030870379 36.36945651981621 127.34791854941703 30000 60000
36.36945651981621 127.34791854941703 36.36946160902471 127.34778907855215 30000 30000
36.36946160902471 127.34778907855215 36.36948976336991 127.34791566326082 30000 120000
36.36948976336991 127.34791566326082 36.369512107085335 127.34793757705461 30000 90000
36.369512107085335 127.34793757705461 36.36956074345463 127.34797845674844 30000 90000
36.36956074345463 127.34797845674844 36.369614799593066 127.34816959960888 90000 90000
36.369614799593066 127.34816959960888 36.36954553197084 127.3479796111705 30000 30000
36.36954553197084 127.3479796111705 36.369536324510065 127.34791496235083 30000 30000
36.369536324510065 127.34791496235083 36.36956066287908 127.34800381324521 30000 90000
36.36956066287908 127.34800381324521 36.36954049005868 127.34794401410377 30000 30000
36.36954049005868 127.34794401410377 36.36954854742533 127.34799986888841 30000 450000
36.36954854742533 127.34799986888841 36.369582402159025 127.34807547120798 30000 60000
36.369582402159025 127.34807547120798 36.36951183364105 127.34788839248962 60000 30000
36.36951183364105 127.34788839248962 36.36948833288182 127.34782953357666 30000 390000
36.36948833288182 127.34782953357666 36.36953823856403 127.34795594510922 120000 90000
36.36953823856403 127.34795594510922 36.36952984709822 127.34775212397629 120000 30000
36.36952984709822 127.34775212397629 36.36956803692526 127.34788968828792 30000 90000
36.36956803692526 127.34788968828792 36.3695125503013 127.34780413580164 90000 30000
36.3695125503013 127.34780413580164 36.36951823198241 127.34786090961359 150000 60000
36.36951823198241 127.34786090961359 36.36955465885281 127.34796509817994 90000 90000
36.36955465885281 127.34796509817994 36.369500078939225 127.34779341600665 30000 30000
36.369500078939225 127.34779341600665 36.36942301421088 127.3476228469406 60000 30000
36.36942301421088 127.3476228469406 36.36936404877569 127.34754501821139 60000 30000
36.36936404877569 127.34754501821139 36.369456257833264 127.34769553563137 30000 60000
36.369456257833264 127.34769553563137 36.36951897739571 127.34798637291014 30000 30000
36.36951897739571 127.34798637291014 36.369569527829604 127.34803537490795 90000 30000
36.369569527829604 127.34803537490795 36.36959322140252 127.34811711364353 30000 90000
36.36959322140252 127.34811711364353 36.36955750642622 127.3480329629345 30000 30000
36.36955750642622 127.3480329629345 36.369500945240944 127.34787360851095 120000 60000
36.369500945240944 127.34787360851095 36.36954626741217 127.34803597274487 60000 30000
36.36954626741217 127.34803597274487 36.36961491039388 127.3481291528308 30000 90000
36.36961491039388 127.3481291528308 36.369512644363404 127.34797735726217 120000 90000
36.369512644363404 127.34797735726217 36.36947798709893 127.34780230104583 30000 60000
36.36947798709893 127.34780230104583 36.36956590129709 127.34810029176091 60000 90000
36.36956590129709 127.34810029176091 36.36955838620452 127.34795289407958 30000 30000
36.36955838620452 127.34795289407958 36.3694794678961 127.34776822431103 60000 30000
36.3694794678961 127.34776822431103 36.36940973694494 127.34722909930474 90000 30000
36.36940973694494 127.34722909930474 36.36953280545135 127.34786680556903 30000 30000
36.36953280545135 127.34786680556903 36.36947973988072 127.34773187999936 150000 60000
36.36947973988072 127.34773187999936 36.36955429621957 127.34813452648758 30000 90000
36.36955429621957 127.34813452648758 36.36955292616552 127.34816753808784 60000 60000
36.36955292616552 127.34816753808784 36.36952201968441 127.34797985854347 60000 30000
36.36952201968441 127.34797985854347 36.36950404805904 127.34787216547392 120000 30000
36.36950404805904 127.34787216547392 36.3694524700926 127.3477349104597 30000 30000
36.3694524700926 127.3477349104597 36.36949754031138 127.34793842225852 30000 30000
36.36949754031138 127.34793842225852 36.369513537622524 127.34787562877924 60000 30000
36.369513537622524 127.34787562877924 36.36961123338264 127.34805510355855 30000 30000
36.36961123338264 127.34805510355855 36.36955308734893 127.34794745171676 30000 30000
36.36955308734893 127.34794745171676 36.36950396741366 127.34808936574203 30000 30000
36.36950396741366 127.34808936574203 36.36950178344386 127.34771974595485 60000 30000
36.36950178344386 127.34771974595485 36.36954273147841 127.34804172434237 180000 120000
36.36954273147841 127.34804172434237 36.369607405424034 127.34805667026654 90000 90000
36.369607405424034 127.34805667026654 36.369508104435425 127.34784726247479 60000 30000
36.369508104435425 127.34784726247479 36.36954597524052 127.34787435070717 30000 60000
36.36954597524052 127.34787435070717 36.36965042055924 127.34785719892787 30000 30000
36.36965042055924 127.34785719892787 36.36954371870553 127.3481865863208 60000 30000
36.36954371870553 127.3481865863208 36.36941711095538 127.34760936470641 120000 30000
36.36941711095538 127.34760936470641 36.36961140807434 127.34783011074899 30000 30000
36.36961140807434 127.34783011074899 36.36952939640163 127.3478506316954 30000 60000
36.36952939640163 127.3478506316954 36.36944997977379 127.34720821212059 60000 30000
36.36944997977379 127.34720821212059 36.36895006760471 127.34592233721492 480000 30000
36.36895006760471 127.34592233721492 36.36958006100273 127.34785282025807 510000 30000
36.36958006100273 127.34785282025807 36.36957296263525 127.34781848055908 270000 30000
36.36957296263525 127.34781848055908 36.36973074834878 127.34822187201019 60000 120000
36.36973074834878 127.34822187201019 36.36972257988458 127.3483569001805 30000 60000
36.36972257988458 127.3483569001805 36.36944641531834 127.34783523545336 120000 30000
36.36944641531834 127.34783523545336 36.36957786851974 127.3478523182034 30000 30000
36.36957786851974 127.3478523182034 36.36973101788058 127.34787222043644 30000 30000
36.36973101788058 127.34787222043644 36.36986244980068 127.34788196520205 30000 30000
36.36986244980068 127.34788196520205 36.37005941428228 127.34783554091533 30000 30000
36.37005941428228 127.34783554091533 36.369706221400094 127.34784630332899 60000 30000
36.369706221400094 127.34784630332899 36.36963677260573 127.34819258949213 90000 30000
36.36963677260573 127.34819258949213 36.36949310657488 127.34818101070384 30000 30000
36.36949310657488 127.34818101070384 36.36947039885723 127.3480602792984 30000 30000
36.36947039885723 127.3480602792984 36.369486342290394 127.347912843099 120000 30000
36.369486342290394 127.347912843099 36.36951321514748 127.34797952866188 90000 30000
36.36951321514748 127.34797952866188 36.36964319564872 127.3480496941508 270000 30000
36.36964319564872 127.3480496941508 36.36948056396228 127.34781990219733 90000 30000
36.36948056396228 127.34781990219733 36.36944766687604 127.34785870796809 90000 30000
36.36944766687604 127.34785870796809 36.369511796794164 127.34797589223251 90000 30000
36.369511796794164 127.34797589223251 36.36963786865312 127.34800146312466 30000 30000
36.36963786865312 127.34800146312466 36.36953064688836 127.34796690400955 30000 30000
36.36953064688836 127.34796690400955 36.36932662792968 127.34766239483244 150000 30000
36.36932662792968 127.34766239483244 36.36946382725258 127.34787761609974 210000 30000
36.36946382725258 127.34787761609974 36.36953716272855 127.3480137414594 30000 90000
36.36953716272855 127.3480137414594 36.369493882883695 127.34794734172765 30000 30000
36.369493882883695 127.34794734172765 36.36945004428824 127.34787235242977 30000 150000
36.36945004428824 127.34787235242977 36.36954155075974 127.34804908392769 30000 60000
36.36954155075974 127.34804908392769 36.36947743098737 127.34791046828795 90000 30000
36.36947743098737 127.34791046828795 36.36950593385766 127.34792207455897 30000 90000
36.36950593385766 127.34792207455897 36.369605576051704 127.34802728965032 30000 90000
36.369605576051704 127.34802728965032 36.36959832682672 127.34806753852696 30000 30000
36.36959832682672 127.34806753852696 36.369524110985815 127.34786549445445 180000 30000
36.369524110985815 127.34786549445445 36.3696639033354 127.34808978632228 120000 30000
36.3696639033354 127.34808978632228 36.36961557729734 127.34814017224282 150000 30000
36.36961557729734 127.34814017224282 36.3696372682507 127.3480526380134 90000 60000
36.3696372682507 127.3480526380134 36.369647188926116 127.34807183470853 60000 30000
36.369647188926116 127.34807183470853 36.369587696952806 127.34802375212615 30000 30000
36.369587696952806 127.34802375212615 36.36952704655694 127.34793081945443 60000 30000
36.36952704655694 127.34793081945443 36.369527084814465 127.34783944522461 30000 90000
36.369527084814465 127.34783944522461 36.369570184615796 127.34791051774916 30000 30000
36.369570184615796 127.34791051774916 36.369573968356434 127.3479318089862 120000 30000
36.369573968356434 127.3479318089862 36.36953570798784 127.34791131762115 210000 30000
