36.37460889508203 127.35682734772745 36.368396774182735 127.36200098164765 720000 6090000
36.368396774182735 127.36200098164765 36.36837317457506 127.36197207724926 30000 90000
36.36837317457506 127.36197207724926 36.368469668333724 127.3620498207049 30000 60000
36.368469668333724 127.3620498207049 36.3684575831076 127.36200201482859 120000 60000
36.3684575831076 127.36200201482859 36.368499674859606 127.36210788123053 120000 690000
36.368499674859606 127.36210788123053 36.36842987270968 127.36207639998841 60000 60000
36.36842987270968 127.36207639998841 36.36842637510087 127.36214768276804 120000 120000
36.36842637510087 127.36214768276804 36.36846168989643 127.36223696031685 210000 120000
36.36846168989643 127.36223696031685 36.3684382380263 127.36228071678745 30000 60000
36.3684382380263 127.36228071678745 36.36843205940551 127.36210249086183 270000 60000
36.36843205940551 127.36210249086183 36.36845110563784 127.36204263322715 30000 60000
36.36845110563784 127.36204263322715 36.36845862744862 127.36209969198681 90000 60000
36.36845862744862 127.36209969198681 36.368492838109745 127.36208928270142 60000 60000
36.368492838109745 127.36208928270142 36.36852841879206 127.36221310296706 30000 270000
36.36852841879206 127.36221310296706 36.36847028082791 127.36210064596578 30000 60000
36.36847028082791 127.36210064596578 36.366034114506185 127.39388168190611 1140000 120000
36.366034114506185 127.39388168190611 36.36639072000445 127.39416056242919 570000 60000
36.36639072000445 127.39416056242919 36.366422372900395 127.39404061029535 30000 180000
36.366422372900395 127.39404061029535 36.36640174710705 127.39419968157947 90000 60000
36.36640174710705 127.39419968157947 36.36634599994224 127.39415836348905 30000 120000
36.36634599994224 127.39415836348905 36.36307491690325 127.38973949781318 300000 60000
36.36307491690325 127.38973949781318 36.373407588751974 127.35142083450263 420000 90000
36.373407588751974 127.35142083450263 36.37338306797332 127.35137297378502 30000 300000
36.37338306797332 127.35137297378502 36.37339393710494 127.35139371258036 30000 90000
36.37339393710494 127.35139371258036 36.36702913916809 127.34828820487763 630000 150000
36.36702913916809 127.34828820487763 36.367235988207106 127.34834922544546 330000 60000
36.367235988207106 127.34834922544546 36.367270373502514 127.34832019949287 330000 60000
36.367270373502514 127.34832019949287 36.36726725734521 127.34838220956671 90000 60000
36.36726725734521 127.34838220956671 36.36745600042491 127.34827259242833 630000 60000
36.36745600042491 127.34827259242833 36.36732098437139 127.34834130926457 150000 60000
36.36732098437139 127.34834130926457 36.36734639726802 127.34843597365123 60000 60000
36.36734639726802 127.34843597365123 36.366956822559025 127.34846258085827 1260000 60000
36.366956822559025 127.34846258085827 36.36730749891567 127.3483416391337 1500000 2880000
36.36730749891567 127.3483416391337 36.36742446264626 127.34829271269753 1830000 60000
36.36742446264626 127.34829271269753 36.367350695430815 127.3483801205627 30000 60000
36.367350695430815 127.3483801205627 36.36720987688031 127.34840254975826 300000 60000
36.36720987688031 127.34840254975826 36.36739829758704 127.34830150849501 210000 60000
36.36739829758704 127.34830150849501 36.36736434208496 127.3482781997036 120000 60000
36.36736434208496 127.3482781997036 36.367393623331616 127.34857472669074 510000 60000
36.367393623331616 127.34857472669074 36.36709328924159 127.3483520840651 660000 330000
36.36709328924159 127.3483520840651 36.36725199889617 127.34835769138567 390000 60000
36.36725199889617 127.34835769138567 36.367634589120385 127.34852854894072 150000 60000
36.367634589120385 127.34852854894072 36.366064125469386 127.34737484144834 210000 2160000
36.366064125469386 127.34737484144834 36.36658771780208 127.34729329454852 240000 630000
36.36658771780208 127.34729329454852 36.367531144631606 127.34793395779849 1260000 300000
36.367531144631606 127.34793395779849 36.36596958838567 127.34357928525094 1200000 780000
36.36596958838567 127.34357928525094 36.367027688551985 127.34802147345356 600000 1260000
