36.36808803180868 127.3659196611349 36.36810572142678 127.36587587478779 30000 30000
36.36810572142678 127.36587587478779 36.3685557067587 127.36552950900226 180000 3210000
36.3685557067587 127.36552950900226 36.36883851111115 127.36499289890784 90000 30000
36.36883851111115 127.36499289890784 36.36924979697565 127.36482112616032 90000 30000
36.36924979697565 127.36482112616032 36.369242185092354 127.36463911969022 30000 30000
36.369242185092354 127.36463911969022 36.36666844541757 127.35642401010728 840000 30000
36.36666844541757 127.35642401010728 36.36657806711369 127.35611814845855 30000 30000
36.36657806711369 127.35611814845855 36.366593210108114 127.35615706160019 30000 30000
36.366593210108114 127.35615706160019 36.366528137276376 127.35595260952311 60000 30000
36.366528137276376 127.35595260952311 36.366384965441696 127.35437581571864 150000 30000
36.366384965441696 127.35437581571864 36.36637316166202 127.35368422716857 90000 60000
36.36637316166202 127.35368422716857 36.3692689412767 127.34818829329387 840000 30000
36.3692689412767 127.34818829329387 36.36889450835305 127.34630539639183 240000 30000
36.36889450835305 127.34630539639183 36.3690468697699 127.3480740462586 120000 30000
36.3690468697699 127.3480740462586 36.36895389274665 127.34798068485797 30000 60000
36.36895389274665 127.34798068485797 36.36888758815239 127.34788543225022 30000 60000
36.36888758815239 127.34788543225022 36.36900198523258 127.3476328071163 60000 30000
36.36900198523258 127.3476328071163 36.368970788439064 127.34788163189762 30000 30000
36.368970788439064 127.34788163189762 36.36897395565833 127.34784724600934 90000 30000
36.36897395565833 127.34784724600934 36.36896667024012 127.34757196071364 30000 30000
36.36896667024012 127.34757196071364 36.368810079324504 127.34789629722535 120000 30000
36.368810079324504 127.34789629722535 36.36870398312269 127.3479030097 30000 60000
36.36870398312269 127.3479030097 36.3686101223159 127.34791102308172 30000 30000
36.3686101223159 127.34791102308172 36.36866489891263 127.34743842459145 570000 30000
36.36866489891263 127.34743842459145 36.36874598697276 127.3474287279293 30000 30000
36.36874598697276 127.3474287279293 36.36884861656247 127.34746766268219 30000 90000
36.36884861656247 127.34746766268219 36.36969271058546 127.34707856808568 120000 90000
36.36969271058546 127.34707856808568 36.36894138514007 127.34787270061523 120000 450000
36.36894138514007 127.34787270061523 36.36887066308425 127.34793576148947 30000 120000
36.36887066308425 127.34793576148947 36.36901620834841 127.34780715047873 690000 90000
36.36901620834841 127.34780715047873 36.369050553207515 127.347880431752 30000 120000
36.369050553207515 127.347880431752 36.36893859247758 127.3465015773506 420000 30000
36.36893859247758 127.3465015773506 36.368680493244455 127.34703898715804 30000 30000
36.368680493244455 127.34703898715804 36.36958794276393 127.34928220813042 450000 13830000
36.36958794276393 127.34928220813042 36.3732989388921 127.35715177379507 300000 60000
36.3732989388921 127.35715177379507 36.3732956783964 127.35717664923101 30000 60000
36.3732956783964 127.35717664923101 36.37443952997148 127.35796914172138 180000 510000
36.37443952997148 127.35796914172138 36.37498839595286 127.35768592376672 390000 30000
36.37498839595286 127.35768592376672 36.375029416511595 127.35770583795954 60000 30000
36.375029416511595 127.35770583795954 36.37514683689193 127.35794888946097 60000 30000
36.37514683689193 127.35794888946097 36.37518288103742 127.35798801692974 60000 30000
36.37518288103742 127.35798801692974 36.37504944325595 127.35790430595908 30000 30000
36.37504944325595 127.35790430595908 36.37543331627644 127.35816588368684 180000 60000
36.37543331627644 127.35816588368684 36.37458651106397 127.35729295958194 60000 30000
36.37458651106397 127.35729295958194 36.375017435378545 127.35775032525265 180000 30000
36.375017435378545 127.35775032525265 36.37555156278643 127.35834321448897 90000 60000
36.37555156278643 127.35834321448897 36.375530729963934 127.35823242915131 30000 30000
36.375530729963934 127.35823242915131 36.375530447999836 127.35823722540471 60000 30000
36.375530447999836 127.35823722540471 36.375552167173495 127.35807064215203 120000 60000
36.375552167173495 127.35807064215203 36.37558708295187 127.35820534087142 30000 30000
36.37558708295187 127.35820534087142 36.37551878256966 127.35841437750784 60000 90000
36.37551878256966 127.35841437750784 36.373800475085574 127.35658474970184 1230000 30000
36.373800475085574 127.35658474970184 36.374831047992046 127.35755470004912 210000 30000
36.374831047992046 127.35755470004912 36.37488784096614 127.35760689019901 210000 30000
36.37488784096614 127.35760689019901 36.37354598504792 127.35593694197361 300000 120000
36.37354598504792 127.35593694197361 36.37196195511275 127.35473836598976 450000 330000
36.37196195511275 127.35473836598976 36.37243552950069 127.35457948151752 120000 30000
36.37243552950069 127.35457948151752 36.37169744070145 127.35558945448561 150000 1260000
36.37169744070145 127.35558945448561 36.372115020808934 127.35519834569128 120000 30000
36.372115020808934 127.35519834569128 36.37212251554665 127.35510706219196 30000 30000
36.37212251554665 127.35510706219196 36.37248890459345 127.35485000060628 510000 30000
36.37248890459345 127.35485000060628 36.37200034054719 127.35510871154672 270000 30000
36.37200034054719 127.35510871154672 36.371941521157666 127.35483802749513 90000 390000
36.371941521157666 127.35483802749513 36.372195601969594 127.35392415630346 90000 30000
36.372195601969594 127.35392415630346 36.371626319315745 127.35534091935381 90000 30000
36.371626319315745 127.35534091935381 36.37191910514738 127.35573441964317 60000 930000
36.37191910514738 127.35573441964317 36.3725115880607 127.35482253760544 90000 630000
36.3725115880607 127.35482253760544 36.37256845126096 127.35422069238058 30000 360000
36.37256845126096 127.35422069238058 36.372540432007234 127.35435507608446 30000 90000
36.372540432007234 127.35435507608446 36.37252134114619 127.35448985307089 30000 60000
36.37252134114619 127.35448985307089 36.37250543209532 127.35460216722623 30000 60000
36.37250543209532 127.35460216722623 36.37279141682415 127.35506797605744 120000 30000
36.37279141682415 127.35506797605744 36.37231249315558 127.35481095048347 60000 630000
36.37231249315558 127.35481095048347 36.373107574630595 127.35645000956227 180000 270000
36.373107574630595 127.35645000956227 36.37305024759666 127.35631135274093 30000 30000
36.37305024759666 127.35631135274093 36.37335208774459 127.35662050735742 120000 30000
36.37335208774459 127.35662050735742 36.37325141844649 127.35659076172122 30000 60000
36.37325141844649 127.35659076172122 36.37314947599835 127.35655864725389 30000 60000
36.37314947599835 127.35655864725389 36.373064523958234 127.35653188519777 30000 60000
36.373064523958234 127.35653188519777 36.37335913221065 127.35641372713135 30000 30000
36.37335913221065 127.35641372713135 36.3735023069928 127.35700744093185 60000 30000
36.3735023069928 127.35700744093185 36.37338649007975 127.35669757530674 180000 960000
36.37338649007975 127.35669757530674 36.37386281163954 127.35752120117516 120000 60000
36.37386281163954 127.35752120117516 36.37415814739689 127.35721462482682 180000 30000
36.37415814739689 127.35721462482682 36.37484810052288 127.35788513109854 240000 990000
36.37484810052288 127.35788513109854 36.3737376786493 127.35791546016434 120000 450000
36.3737376786493 127.35791546016434 36.373777782824845 127.35785806232053 30000 30000
36.373777782824845 127.35785806232053 36.37376538186083 127.35774803353934 30000 90000
36.37376538186083 127.35774803353934 36.37372967780276 127.35778508914296 60000 30000
36.37372967780276 127.35778508914296 36.37377554743027 127.35765400468692 30000 90000
36.37377554743027 127.35765400468692 36.373806445621085 127.35759297867729 30000 90000
36.373806445621085 127.35759297867729 36.37369409409269 127.35763427470613 60000 30000
36.37369409409269 127.35763427470613 36.37384865462891 127.35753930487915 150000 90000
36.37384865462891 127.35753930487915 36.37383180865852 127.3576208132493 30000 180000
36.37383180865852 127.3576208132493 36.373814427020626 127.35768791703104 60000 30000
36.373814427020626 127.35768791703104 36.374455386215445 127.3578887100704 210000 30000
36.374455386215445 127.3578887100704 36.37444320097364 127.35778243523927 30000 30000
36.37444320097364 127.35778243523927 36.37426203304789 127.35709709176217 120000 30000
36.37426203304789 127.35709709176217 36.3739565151263 127.35780812965574 270000 30000
36.3739565151263 127.35780812965574 36.37425212050136 127.35742699842609 90000 2400000
36.37425212050136 127.35742699842609 36.37406445458706 127.3571800533853 30000 480000
36.37406445458706 127.3571800533853 36.37463469000136 127.35699566178855 30000 30000
36.37463469000136 127.35699566178855 36.374474265589875 127.3569734929398 420000 30000
36.374474265589875 127.3569734929398 36.374302167018236 127.35715619926198 240000 30000
36.374302167018236 127.35715619926198 36.37433610945212 127.35718651710154 210000 330000
36.37433610945212 127.35718651710154 36.37571177662297 127.35735773221322 900000 60000
36.37571177662297 127.35735773221322 36.37452504065908 127.35761022527782 150000 30000
36.37452504065908 127.35761022527782 36.3763702015334 127.3574062184865 90000 30000
36.3763702015334 127.3574062184865 36.37492233185867 127.35776129245411 240000 2430000
36.37492233185867 127.35776129245411 36.374483536377035 127.3576562657446 30000 30000
36.374483536377035 127.3576562657446 36.37429425769638 127.35768563508941 150000 30000
36.37429425769638 127.35768563508941 36.374444848952734 127.35754502398848 60000 30000
36.374444848952734 127.35754502398848 36.374346367376404 127.35759798815529 30000 30000
36.374346367376404 127.35759798815529 36.374803706460554 127.3580874227548 60000 30000
36.374803706460554 127.3580874227548 36.37408118819455 127.35781415763208 480000 30000
36.37408118819455 127.35781415763208 36.374102141658135 127.35778058835167 30000 30000
36.374102141658135 127.35778058835167 36.36926426862472 127.34817496611637 330000 5130000
36.36926426862472 127.34817496611637 36.369253008543744 127.3481868338389 30000 120000
36.369253008543744 127.3481868338389 36.36874657752432 127.34752661584668 90000 660000
36.36874657752432 127.34752661584668 36.368986825975256 127.34784604209247 240000 30000
36.368986825975256 127.34784604209247 36.36871569514645 127.34797504287005 300000 30000
36.36871569514645 127.34797504287005 36.36900323880245 127.34803438881481 390000 30000
36.36900323880245 127.34803438881481 36.36972241211819 127.34691670687474 210000 30000
36.36972241211819 127.34691670687474 36.36892506533194 127.34813690409214 120000 30000
36.36892506533194 127.34813690409214 36.36895637481569 127.34780570254983 30000 30000
36.36895637481569 127.34780570254983 36.36886585145692 127.3478396761493 360000 30000
36.36886585145692 127.3478396761493 36.36891819502796 127.34782804922082 60000 30000
36.36891819502796 127.34782804922082 36.36887987421487 127.34780780526702 150000 30000
36.36887987421487 127.34780780526702 36.3687921916678 127.34776937879175 60000 30000
36.3687921916678 127.34776937879175 36.368807275562624 127.34767929098668 30000 30000
36.368807275562624 127.34767929098668 36.36892109629551 127.34785002488388 270000 60000
36.36892109629551 127.34785002488388 36.36890550203605 127.34791764230506 360000 30000
36.36890550203605 127.34791764230506 36.36888561052888 127.34769779152327 30000 30000
36.36888561052888 127.34769779152327 36.36874927726558 127.34745969940118 30000 30000
36.36874927726558 127.34745969940118 36.36877284992778 127.34787422697867 180000 30000
36.36877284992778 127.34787422697867 36.36877589839307 127.34763270451802 30000 30000
36.36877589839307 127.34763270451802 36.3688690347971 127.3477366997997 120000 30000
36.3688690347971 127.3477366997997 36.36889807964292 127.34755298657976 480000 30000
36.36889807964292 127.34755298657976 36.3688003313781 127.34756772229761 90000 30000
36.3688003313781 127.34756772229761 36.368918235364276 127.34772893203666 90000 30000
36.368918235364276 127.34772893203666 36.36884328607376 127.34758500588501 30000 30000
36.36884328607376 127.34758500588501 36.36884836327602 127.34759724295694 30000 120000
36.36884836327602 127.34759724295694 36.36899431504178 127.34752106174678 90000 480000
36.36899431504178 127.34752106174678 36.36883487245569 127.3478445743059 150000 30000
36.36883487245569 127.3478445743059 36.36878066726237 127.34762130496341 150000 30000
36.36878066726237 127.34762130496341 36.36891277110115 127.34774146127393 30000 30000
36.36891277110115 127.34774146127393 36.36892566136687 127.34787576245289 30000 60000
36.36892566136687 127.34787576245289 36.36910265922653 127.34758479556857 30000 30000
36.36910265922653 127.34758479556857 36.36873380384404 127.34776913965052 60000 30000
36.36873380384404 127.34776913965052 36.36869899279709 127.3479720330905 30000 30000
36.36869899279709 127.3479720330905 36.36886554377638 127.34774651256782 30000 30000
36.36886554377638 127.34774651256782 36.368861580126875 127.34793788625615 60000 30000
36.368861580126875 127.34793788625615 36.36885388378231 127.34796452098192 120000 30000
36.36885388378231 127.34796452098192 36.368738236265656 127.34787966933382 90000 30000
36.368738236265656 127.34787966933382 36.36913268680952 127.34777626418906 60000 30000
36.36913268680952 127.34777626418906 36.36888047859567 127.34793788628096 90000 30000
36.36888047859567 127.34793788628096 36.36873787364301 127.3480076476425 30000 30000
36.36873787364301 127.3480076476425 36.36887364459209 127.34803177554016 120000 30000
36.36887364459209 127.34803177554016 36.36879386799788 127.34801137487545 30000 30000
36.36879386799788 127.34801137487545 36.368852199435175 127.34778787462886 30000 30000
36.368852199435175 127.34778787462886 36.368895244751556 127.34772266225048 30000 30000
36.368895244751556 127.34772266225048 36.368738840802784 127.34794114344307 90000 30000
36.368738840802784 127.34794114344307 36.36883581136462 127.34808437690776 180000 30000
36.36883581136462 127.34808437690776 36.36884697311862 127.34793924686964 90000 30000
36.36884697311862 127.34793924686964 36.36888625207897 127.34799299265366 30000 30000
36.36888625207897 127.34799299265366 36.36897619336051 127.34792298851845 30000 60000
36.36897619336051 127.34792298851845 36.369022999667294 127.34780792209989 30000 30000
36.369022999667294 127.34780792209989 36.368890995715574 127.34770444133319 180000 30000
36.368890995715574 127.34770444133319 36.36915428508526 127.3483850681962 120000 2370000
36.36915428508526 127.3483850681962 36.36885823566986 127.34841384679952 60000 30000
36.36885823566986 127.34841384679952 36.36889470288501 127.34826451138679 360000 30000
36.36889470288501 127.34826451138679 36.368882654588326 127.34807231294002 30000 30000
