36.368315579177214 127.3666994877736 36.37194667704572 127.3550061998152 840000 240000
36.37194667704572 127.3550061998152 36.37185759044235 127.3549423840726 30000 30000
36.37185759044235 127.3549423840726 36.37180038257953 127.35486433717168 30000 90000
36.37180038257953 127.35486433717168 36.37200674744509 127.3543322657246 300000 30000
36.37200674744509 127.3543322657246 36.37187103274074 127.35457189525626 30000 30000
36.37187103274074 127.35457189525626 36.37191942744991 127.35436442528145 630000 30000
36.37191942744991 127.35436442528145 36.37209644394069 127.35440911656922 30000 30000
36.37209644394069 127.35440911656922 36.371998248451945 127.3543351168907 30000 60000
36.371998248451945 127.3543351168907 36.37191679597281 127.35427373466891 30000 30000
36.37191679597281 127.35427373466891 36.371935113217404 127.35435171880708 270000 30000
36.371935113217404 127.35435171880708 36.372033785418175 127.35463992478722 90000 30000
36.372033785418175 127.35463992478722 36.37167125104341 127.35400264782103 90000 30000
36.37167125104341 127.35400264782103 36.3720650968414 127.35474957757421 120000 30000
36.3720650968414 127.35474957757421 36.3715640014985 127.35403186055385 180000 30000
36.3715640014985 127.35403186055385 36.37156350305831 127.35384721754521 30000 30000
36.37156350305831 127.35384721754521 36.372185537394735 127.35441785945189 390000 30000
36.372185537394735 127.35441785945189 36.3725988006231 127.35708167540012 150000 330000
36.3725988006231 127.35708167540012 36.37236487326422 127.35412577037447 240000 30000
36.37236487326422 127.35412577037447 36.371923618335124 127.35482686217144 120000 300000
36.371923618335124 127.35482686217144 36.37177976712239 127.35433667909085 60000 330000
36.37177976712239 127.35433667909085 36.37384973221102 127.35193250777643 90000 720000
36.37384973221102 127.35193250777643 36.37182287977069 127.3545782446148 360000 630000
36.37182287977069 127.3545782446148 36.37195242916323 127.35456999861458 30000 30000
36.37195242916323 127.35456999861458 36.37189641885485 127.35484995120399 60000 30000
36.37189641885485 127.35484995120399 36.36808960333411 127.36640197140905 1200000 30000
36.36808960333411 127.36640197140905 36.36819913739952 127.36637355784198 30000 90000
36.36819913739952 127.36637355784198 36.36797629293377 127.36668184135573 120000 90000
36.36797629293377 127.36668184135573 36.36819082501896 127.36632280943871 90000 30000
36.36819082501896 127.36632280943871 36.368042889389066 127.36672773716244 30000 30000
36.368042889389066 127.36672773716244 36.368097662329426 127.36653110393553 330000 30000
36.368097662329426 127.36653110393553 36.367950705448074 127.36660869915328 60000 30000
36.367950705448074 127.36660869915328 36.36798531913989 127.36654149401949 30000 30000
36.36798531913989 127.36654149401949 36.36802754860204 127.36642027744165 60000 30000
36.36802754860204 127.36642027744165 36.36812304839481 127.36640094043125 30000 60000
36.36812304839481 127.36640094043125 36.368135056366015 127.36650203680188 30000 90000
36.368135056366015 127.36650203680188 36.36823946143325 127.3663651939875 90000 90000
36.36823946143325 127.3663651939875 36.368214599261925 127.36659558792488 30000 30000
36.368214599261925 127.36659558792488 36.36806270623644 127.36636292623939 90000 30000
36.36806270623644 127.36636292623939 36.36813199392349 127.3663680526336 120000 90000
36.36813199392349 127.3663680526336 36.36816793731109 127.36627696159246 30000 60000
36.36816793731109 127.36627696159246 36.36817482782776 127.36617240203003 30000 30000
36.36817482782776 127.36617240203003 36.36815363251736 127.36630359611044 30000 30000
36.36815363251736 127.36630359611044 36.36813811884955 127.36617941108771 60000 30000
36.36813811884955 127.36617941108771 36.36819191303657 127.36634870188996 150000 30000
36.36819191303657 127.36634870188996 36.36802061784121 127.36649713031159 150000 30000
36.36802061784121 127.36649713031159 36.368126137711585 127.36636403943112 30000 30000
36.368126137711585 127.36636403943112 36.3681736995396 127.36628801132754 60000 60000
36.3681736995396 127.36628801132754 36.3681958619259 127.3663556285725 30000 30000
36.3681958619259 127.3663556285725 36.36812429754434 127.36636008132385 30000 30000
36.36812429754434 127.36636008132385 36.368158991780774 127.36636206032577 60000 30000
36.368158991780774 127.36636206032577 36.36816898501325 127.36627866571696 30000 30000
36.36816898501325 127.36627866571696 36.36839834574582 127.36613884063257 30000 60000
36.36839834574582 127.36613884063257 36.36828152971694 127.36621256006788 30000 30000
36.36828152971694 127.36621256006788 36.368148635880736 127.3664289358675 60000 30000
36.368148635880736 127.3664289358675 36.368093108979394 127.36645886878534 120000 90000
36.368093108979394 127.36645886878534 36.368144539224026 127.36642319095661 30000 30000
36.368144539224026 127.36642319095661 36.36830856785133 127.3662358138501 90000 60000
36.36830856785133 127.3662358138501 36.36841500781 127.36611319553289 30000 30000
36.36841500781 127.36611319553289 36.368135902588165 127.36643990300087 90000 30000
36.368135902588165 127.36643990300087 36.36840773447456 127.36619087320182 90000 30000
36.36840773447456 127.36619087320182 36.368135499597514 127.3662528007251 90000 30000
36.368135499597514 127.3662528007251 36.36811023449506 127.3663546389829 30000 30000
36.36811023449506 127.3663546389829 36.36821359185439 127.36630071005229 90000 90000
36.36821359185439 127.36630071005229 36.368112974563424 127.36640568192563 90000 30000
36.368112974563424 127.36640568192563 36.36806956315508 127.36633138524276 30000 150000
36.36806956315508 127.36633138524276 36.368136533835624 127.36635876207754 90000 60000
36.368136533835624 127.36635876207754 36.36833955490316 127.36618485348168 150000 60000
36.36833955490316 127.36618485348168 36.36816527788058 127.36636593615069 30000 30000
36.36816527788058 127.36636593615069 36.36823917934761 127.36635628828901 30000 30000
36.36823917934761 127.36635628828901 36.36814623161919 127.36624601139219 30000 30000
36.36814623161919 127.36624601139219 36.368118011531195 127.36638630378417 60000 60000
36.368118011531195 127.36638630378417 36.36828072379309 127.36683521742803 150000 30000
36.36828072379309 127.36683521742803 36.368194209872044 127.36628149685302 30000 30000
36.368194209872044 127.36628149685302 36.36814434443283 127.36627613696831 60000 30000
36.36814434443283 127.36627613696831 36.36813102687303 127.36620579832231 150000 90000
36.36813102687303 127.36620579832231 36.36809752131662 127.36620649926415 30000 30000
36.36809752131662 127.36620649926415 36.36799515120168 127.36627481757162 120000 90000
36.36799515120168 127.36627481757162 36.368110516534614 127.36630582257729 30000 30000
36.368110516534614 127.36630582257729 36.368319689325055 127.36610896238032 150000 30000
36.368319689325055 127.36610896238032 36.3691870853804 127.36415888792317 240000 60000
36.3691870853804 127.36415888792317 36.37427251001812 127.35725465670582 570000 30000
36.37427251001812 127.35725465670582 36.37429593509254 127.3571793980196 30000 30000
36.37429593509254 127.3571793980196 36.374718256253175 127.35641644841263 480000 60000
36.374718256253175 127.35641644841263 36.37496107570672 127.35640713022022 90000 30000
36.37496107570672 127.35640713022022 36.37442825151246 127.35673375547702 30000 30000
36.37442825151246 127.35673375547702 36.37480642244361 127.35682000886854 60000 30000
36.37480642244361 127.35682000886854 36.37481113702804 127.35568665468217 180000 30000
36.37481113702804 127.35568665468217 36.37480553597937 127.35568279966775 30000 210000
36.37480553597937 127.35568279966775 36.3751421225306 127.3582059179589 270000 2520000
36.3751421225306 127.3582059179589 36.375133539616016 127.35816485276031 30000 30000
36.375133539616016 127.35816485276031 36.36857749852306 127.3665362166319 780000 990000
36.36857749852306 127.3665362166319 36.36811297616239 127.36680742199981 690000 7410000
36.36811297616239 127.36680742199981 36.368032360095526 127.3666887273109 30000 60000
36.368032360095526 127.3666887273109 36.36796157525633 127.36658450758407 30000 30000
36.36796157525633 127.36658450758407 36.367890790417135 127.3664802878572 30000 30000
36.367890790417135 127.3664802878572 36.36762715120394 127.36619776534643 60000 30000
36.36762715120394 127.36619776534643 36.36818905205428 127.3663614007424 150000 30000
36.36818905205428 127.3663614007424 36.36840991704082 127.36516509887414 150000 390000
36.36840991704082 127.36516509887414 36.372274187341915 127.35538083013316 720000 30000
36.372274187341915 127.35538083013316 36.372144973459 127.35588488212449 60000 30000
36.372144973459 127.35588488212449 36.372136377176155 127.3559103897903 30000 60000
36.372136377176155 127.3559103897903 36.37211220014576 127.3541358454614 480000 210000
36.37211220014576 127.3541358454614 36.3720020326446 127.35439262665187 120000 270000
36.3720020326446 127.35439262665187 36.37203793052921 127.35437310555868 30000 30000
36.37203793052921 127.35437310555868 36.37070750664838 127.35236954707956 210000 1680000
36.37070750664838 127.35236954707956 36.37389889242765 127.35708792203579 510000 240000
36.37389889242765 127.35708792203579 36.375048919537505 127.35700546194474 120000 1650000
36.375048919537505 127.35700546194474 36.36827834639065 127.36638613874149 1020000 2160000
36.36827834639065 127.36638613874149 36.36814408249478 127.36636535888675 90000 30000
36.36814408249478 127.36636535888675 36.368172128023886 127.36628025991719 30000 30000
36.368172128023886 127.36628025991719 36.36809298811731 127.36638960228848 60000 30000
36.36809298811731 127.36638960228848 36.368145369813945 127.3662947641079 30000 30000
36.368145369813945 127.3662947641079 36.368171588952855 127.36614232401273 30000 60000
36.368171588952855 127.36614232401273 36.368197808091765 127.36598988391755 30000 60000
36.368197808091765 127.36598988391755 36.368191920317145 127.36588222801932 30000 60000
36.368191920317145 127.36588222801932 36.36809653937634 127.36584213957596 30000 90000
36.36809653937634 127.36584213957596 36.367707656259185 127.36472272403736 300000 30000
36.367707656259185 127.36472272403736 36.36816742687882 127.36664377620515 180000 30000
36.36816742687882 127.36664377620515 36.36808146362278 127.3666861262273 30000 60000
36.36808146362278 127.3666861262273 36.368005909979786 127.36672334792641 30000 60000
36.368005909979786 127.36672334792641 36.36814867619619 127.36645194219133 180000 30000
36.36814867619619 127.36645194219133 36.368122242467194 127.36632808696174 60000 30000
36.368122242467194 127.36632808696174 36.36798177316287 127.36689079545403 30000 30000
36.36798177316287 127.36689079545403 36.367944869960496 127.3668005840656 180000 30000
36.367944869960496 127.3668005840656 36.36806585884236 127.3661216562724 30000 30000
36.36806585884236 127.3661216562724 36.36804201289598 127.36625341191294 30000 60000
36.36804201289598 127.36625341191294 36.36811900210983 127.36639629549683 60000 30000
36.36811900210983 127.36639629549683 36.36811898735483 127.36652899605458 30000 30000
36.36811898735483 127.36652899605458 36.36813299241917 127.3666481611371 30000 60000
36.36813299241917 127.3666481611371 36.36799929636289 127.36667555396058 60000 30000
36.36799929636289 127.36667555396058 36.36802962312385 127.36653943427353 30000 60000
36.36802962312385 127.36653943427353 36.36805489542465 127.36642600120099 30000 30000
36.36805489542465 127.36642600120099 36.36808016772545 127.36631256812845 30000 30000
36.36808016772545 127.36631256812845 36.367924715011796 127.3666005353985 90000 30000
36.367924715011796 127.3666005353985 36.368012961706825 127.36642200907355 30000 420000
36.368012961706825 127.36642200907355 36.36816044238809 127.36646859916289 30000 30000
36.36816044238809 127.36646859916289 36.368013398211254 127.36623798530732 90000 30000
36.368013398211254 127.36623798530732 36.3679153177506 127.366172584893 30000 90000
36.3679153177506 127.366172584893 36.3673492867517 127.36498971366363 120000 30000
36.3673492867517 127.36498971366363 36.36808592302825 127.36645381138537 210000 30000
36.36808592302825 127.36645381138537 36.368083839607905 127.36651546166891 150000 60000
36.368083839607905 127.36651546166891 36.3681781106636 127.36652125722935 30000 120000
36.3681781106636 127.36652125722935 36.368335146590596 127.36691592969603 90000 120000
36.368335146590596 127.36691592969603 36.3683429800011 127.36692542918352 30000 120000
36.3683429800011 127.36692542918352 36.368136668246535 127.36631769675216 60000 630000
36.368136668246535 127.36631769675216 36.36807368298433 127.36667830307044 150000 30000
36.36807368298433 127.36667830307044 36.36779343597709 127.36532817979626 300000 30000
36.36779343597709 127.36532817979626 36.368182387153425 127.36625385615486 240000 30000
36.368182387153425 127.36625385615486 36.36815762175407 127.3667489641533 90000 30000
36.36815762175407 127.3667489641533 36.36818768057285 127.36620724375143 30000 600000
36.36818768057285 127.36620724375143 36.368213296938556 127.36643664045577 90000 30000
36.368213296938556 127.36643664045577 36.3682741556725 127.36643814368354 30000 60000
36.3682741556725 127.36643814368354 36.368278507537234 127.36646365132847 30000 60000
36.368278507537234 127.36646365132847 36.36797468121411 127.36646530077718 90000 300000
36.36797468121411 127.36646530077718 36.36811865176448 127.366186151376 120000 420000
36.36811865176448 127.366186151376 36.368203468823765 127.36619247946503 30000 120000
36.368203468823765 127.36619247946503 36.36808186653935 127.36640592949566 90000 60000
