36.3699904786967 127.348547616132 36.36998562492432 127.34851825794082 180000 60000
36.36998562492432 127.34851825794082 36.370089316730144 127.34858779674566 360000 60000
36.370089316730144 127.34858779674566 36.36980612829647 127.34881259705737 180000 90000
36.36980612829647 127.34881259705737 36.36975709833149 127.3488598495296 30000 60000
36.36975709833149 127.3488598495296 36.369847883567616 127.3487366044157 90000 90000
36.369847883567616 127.3487366044157 36.36984746368741 127.34869576517004 60000 90000
36.36984746368741 127.34869576517004 36.36960416968395 127.34913513480372 330000 120000
36.36960416968395 127.34913513480372 36.36971879578273 127.34891951494198 60000 90000
36.36971879578273 127.34891951494198 36.369671179438065 127.34878398884246 1650000 390000
36.369671179438065 127.34878398884246 36.36973610311782 127.34879357625614 30000 60000
36.36973610311782 127.34879357625614 36.36972184932953 127.34881796795668 60000 60000
36.36972184932953 127.34881796795668 36.36990408741934 127.3487714053954 240000 60000
36.36990408741934 127.3487714053954 36.36990034767252 127.34874699365831 60000 150000
36.36990034767252 127.34874699365831 36.369897938354846 127.34871142106975 180000 300000
36.369897938354846 127.34871142106975 36.36989975105142 127.34878544093093 30000 90000
36.36989975105142 127.34878544093093 36.36990371671729 127.34876565929514 240000 180000
36.36990371671729 127.34876565929514 36.36988050523651 127.34881193185288 90000 90000
36.36988050523651 127.34881193185288 36.36989257236258 127.34880909522178 210000 60000
36.36989257236258 127.34880909522178 36.36985063040125 127.3488594564535 4290000 60000
36.36985063040125 127.3488594564535 36.36998516285427 127.34867171098035 2160000 60000
36.36998516285427 127.34867171098035 36.36995634494437 127.34864034030211 30000 60000
36.36995634494437 127.34864034030211 36.37246107624364 127.35577136196399 5010000 25710000
36.37246107624364 127.35577136196399 36.372267417188546 127.35393695151203 240000 1980000
36.372267417188546 127.35393695151203 36.368184800884556 127.3492496226204 360000 1770000
36.368184800884556 127.3492496226204 36.371123998550495 127.35527940405422 840000 90000
36.371123998550495 127.35527940405422 36.371672604778816 127.3545147001398 1470000 2010000
36.371672604778816 127.3545147001398 36.36982949947866 127.34842871716894 3120000 660000
36.36982949947866 127.34842871716894 36.37193665708411 127.35465252591428 630000 60000
36.37193665708411 127.35465252591428 36.368676005947734 127.35323224614376 360000 2370000
36.368676005947734 127.35323224614376 36.368684466330855 127.353278110568 30000 120000
36.368684466330855 127.353278110568 36.368678978125786 127.35320801223193 30000 90000
36.368678978125786 127.35320801223193 36.369750587958414 127.35460029998653 480000 180000
36.369750587958414 127.35460029998653 36.369694820518525 127.35455087534065 30000 150000
36.369694820518525 127.35455087534065 36.36968062650846 127.35452093952044 30000 300000
36.36968062650846 127.35452093952044 36.36838650428841 127.35338026777158 120000 180000
36.36838650428841 127.35338026777158 36.368449313856054 127.35348136946322 1050000 60000
36.368449313856054 127.35348136946322 36.36847703268787 127.35359483700859 60000 60000
36.36847703268787 127.35359483700859 36.368485536647974 127.35350183178431 90000 120000
36.368485536647974 127.35350183178431 36.36854138049545 127.35362467993883 30000 120000
36.36854138049545 127.35362467993883 36.36842979936613 127.35353670580614 240000 60000
36.36842979936613 127.35353670580614 36.36842983486485 127.35355706855395 60000 270000
36.36842983486485 127.35355706855395 36.36841520817392 127.3535077772533 30000 270000
36.36841520817392 127.3535077772533 36.36842351815249 127.35349994092226 60000 300000
36.36842351815249 127.35349994092226 36.36842645567963 127.35344564499961 120000 90000
36.36842645567963 127.35344564499961 36.36843052811549 127.35356386409273 30000 90000
36.36843052811549 127.35356386409273 36.36846246997414 127.35336494773068 60000 2010000
36.36846246997414 127.35336494773068 36.368462266729644 127.35336100379212 30000 120000
36.368462266729644 127.35336100379212 36.36845993099656 127.35339615229947 90000 900000
36.36845993099656 127.35339615229947 36.36845688263994 127.35348003913492 510000 90000
36.36845688263994 127.35348003913492 36.36844864494825 127.35333556879125 480000 90000
36.36844864494825 127.35333556879125 36.36843731387521 127.35324618745433 30000 60000
36.36843731387521 127.35324618745433 36.36844768054804 127.35325454880298 120000 60000
36.36844768054804 127.35325454880298 36.36847317402111 127.35319814608623 180000 60000
36.36847317402111 127.35319814608623 36.36846641603639 127.35333718498727 90000 60000
36.36846641603639 127.35333718498727 36.36847018251731 127.35327411943665 90000 240000
36.36847018251731 127.35327411943665 36.368481449037645 127.35334553986054 30000 120000
36.368481449037645 127.35334553986054 36.36847027356847 127.3532832428526 120000 120000
36.36847027356847 127.3532832428526 36.36849889586078 127.35336194504713 180000 270000
36.36849889586078 127.35336194504713 36.36852416046945 127.3529604769677 180000 60000
36.36852416046945 127.3529604769677 36.36852399040459 127.35309432309697 180000 120000
36.36852399040459 127.35309432309697 36.368571223679325 127.35295852426168 90000 90000
36.368571223679325 127.35295852426168 36.36851967743417 127.353145525411 60000 120000
36.36851967743417 127.353145525411 36.36848681664853 127.3532705447713 30000 60000
36.36848681664853 127.3532705447713 36.368469396994975 127.35330484137701 30000 330000
36.368469396994975 127.35330484137701 36.368482342004185 127.35325048637097 30000 150000
36.368482342004185 127.35325048637097 36.3684876774116 127.35332431460667 30000 120000
36.3684876774116 127.35332431460667 36.36846252800859 127.35333025833182 30000 720000
36.36846252800859 127.35333025833182 36.36848576362429 127.35335217351674 30000 90000
36.36848576362429 127.35335217351674 36.36847449169752 127.35334650303534 60000 150000
36.36847449169752 127.35334650303534 36.36849411722019 127.35337039526787 90000 270000
36.36849411722019 127.35337039526787 36.368491615828084 127.35336406341018 60000 180000
36.368491615828084 127.35336406341018 36.36849934536255 127.35335665478222 60000 240000
36.36849934536255 127.35335665478222 36.36850536670291 127.35340694307449 30000 240000
36.36850536670291 127.35340694307449 36.36850154195121 127.3533124744442 90000 120000
36.36850154195121 127.3533124744442 36.36853637046027 127.35345262936751 120000 60000
36.36853637046027 127.35345262936751 36.368494368331824 127.35340628603439 90000 150000
36.368494368331824 127.35340628603439 36.36845700754348 127.35341830117115 30000 690000
36.36845700754348 127.35341830117115 36.36848191970736 127.35343683162314 30000 90000
36.36848191970736 127.35343683162314 36.36847362854992 127.35346042677409 60000 270000
36.36847362854992 127.35346042677409 36.368479993068306 127.3534397721461 30000 120000
36.368479993068306 127.3534397721461 36.368471978596936 127.35345223910194 240000 420000
36.368471978596936 127.35345223910194 36.368500997895936 127.35346916674382 30000 60000
