36.36931538554444 127.34548664564288 36.36929513047394 127.34596194651586 480000 60000
36.36929513047394 127.34596194651586 36.36936666800292 127.34581599187324 390000 60000
36.36936666800292 127.34581599187324 36.36943001218681 127.34571566522361 2130000 60000
36.36943001218681 127.34571566522361 36.36850607512169 127.36787961750784 270000 60000
36.36850607512169 127.36787961750784 36.365395662753286 127.37451688367491 330000 90000
36.365395662753286 127.37451688367491 36.36541848329792 127.37438274836065 60000 90000
36.36541848329792 127.37438274836065 36.36545120306812 127.37448269015493 210000 60000
36.36545120306812 127.37448269015493 36.36538736196049 127.37472278690765 810000 60000
36.36538736196049 127.37472278690765 36.36547664281971 127.3746011580184 300000 90000
36.36547664281971 127.3746011580184 36.365255905325995 127.37445652276772 330000 60000
36.365255905325995 127.37445652276772 36.36527127124447 127.37446464511463 1590000 60000
36.36527127124447 127.37446464511463 36.365272426387584 127.37450143612477 150000 90000
36.365272426387584 127.37450143612477 36.36522906195266 127.37451935749189 90000 60000
36.36522906195266 127.37451935749189 36.365258094714456 127.3745853806527 60000 90000
36.365258094714456 127.3745853806527 36.36946547735374 127.34584595244755 1020000 150000
36.36946547735374 127.34584595244755 36.36942568713929 127.34573004082098 150000 120000
36.36942568713929 127.34573004082098 36.36942615721699 127.3457287764423 300000 150000
36.36942615721699 127.3457287764423 36.369417614649485 127.34565489205745 60000 90000
36.369417614649485 127.34565489205745 36.36942851453686 127.34570972808265 120000 150000
36.36942851453686 127.34570972808265 36.36918799876501 127.34552248839236 4350000 90000
36.36918799876501 127.34552248839236 36.36933039149833 127.3458864569074 90000 60000
36.36933039149833 127.3458864569074 36.36934595621746 127.34619415451793 690000 120000
36.36934595621746 127.34619415451793 36.368197937711386 127.36696965598178 1800000 60000
36.368197937711386 127.36696965598178 36.36919187435601 127.36470513867901 180000 1020000
