36.37080311401888 127.34616062071585 36.370930017152986 127.34608398768688 150000 60000
36.370930017152986 127.34608398768688 36.370887814518646 127.34622752345581 30000 60000
36.370887814518646 127.34622752345581 36.3708674990533 127.34594078167797 300000 60000
36.3708674990533 127.34594078167797 36.37088319407248 127.34572935362814 300000 90000
36.37088319407248 127.34572935362814 36.37087741842166 127.34582159917149 330000 60000
36.37087741842166 127.34582159917149 36.37073404785135 127.34577003405401 540000 60000
36.37073404785135 127.34577003405401 36.37094156842573 127.34597557995362 300000 60000
36.37094156842573 127.34597557995362 36.37083508154039 127.34579643506606 90000 60000
36.37083508154039 127.34579643506606 36.370920050848035 127.34602522096792 1560000 90000
36.370920050848035 127.34602522096792 36.37088029289834 127.3459766243986 30000 60000
36.37088029289834 127.3459766243986 36.3708483788939 127.3460017032859 60000 60000
36.3708483788939 127.3460017032859 36.37092856648982 127.34612549263687 240000 120000
36.37092856648982 127.34612549263687 36.37085230104592 127.34621817795282 1020000 60000
36.37085230104592 127.34621817795282 36.37095018498336 127.34615526078285 30000 60000
36.37095018498336 127.34615526078285 36.37092638560131 127.34611664876947 30000 90000
36.37092638560131 127.34611664876947 36.37097289137855 127.3461286732756 90000 450000
36.37097289137855 127.3461286732756 36.370943272423744 127.3461418590559 60000 180000
36.370943272423744 127.3461418590559 36.370947447777034 127.34606934897215 30000 600000
36.370947447777034 127.34606934897215 36.37088934580981 127.34610174407585 30000 390000
36.37088934580981 127.34610174407585 36.37096710305278 127.3461445264038 30000 60000
36.37096710305278 127.3461445264038 36.37102089645186 127.3461091105576 30000 480000
36.37102089645186 127.3461091105576 36.3710015090785 127.34604344318035 30000 60000
36.3710015090785 127.34604344318035 36.37095769313795 127.34605783516828 30000 300000
36.37095769313795 127.34605783516828 36.37102602202273 127.34605332892166 30000 180000
36.37102602202273 127.34605332892166 36.370952981490376 127.34611323080068 30000 60000
36.370952981490376 127.34611323080068 36.37096872385002 127.34600610465839 30000 90000
36.37096872385002 127.34600610465839 36.37090604953884 127.3460820855616 60000 210000
36.37090604953884 127.3460820855616 36.370923328911566 127.34605539244389 90000 60000
36.370923328911566 127.34605539244389 36.37090611132712 127.34608385387489 60000 630000
36.37090611132712 127.34608385387489 36.37091448744014 127.34605185149678 60000 240000
36.37091448744014 127.34605185149678 36.370905952893 127.34604141617187 60000 210000
36.370905952893 127.34604141617187 36.37088648618548 127.34599980674912 120000 60000
36.37088648618548 127.34599980674912 36.37095319711223 127.34603395353227 600000 90000
36.37095319711223 127.34603395353227 36.37090616770022 127.34577958292455 210000 90000
36.37090616770022 127.34577958292455 36.37097481482399 127.34604005282938 270000 60000
36.37097481482399 127.34604005282938 36.37096408689843 127.34614534904333 210000 150000
36.37096408689843 127.34614534904333 36.37098595106308 127.3461000289445 210000 90000
36.37098595106308 127.3461000289445 36.3709138184313 127.3460592330503 30000 90000
36.3709138184313 127.3460592330503 36.370974828258746 127.34610590559957 30000 60000
36.370974828258746 127.34610590559957 36.370977917537765 127.34609137883349 60000 60000
36.370977917537765 127.34609137883349 36.37095130382995 127.34596456598558 60000 150000
36.37095130382995 127.34596456598558 36.37102193335123 127.34591857788324 30000 150000
36.37102193335123 127.34591857788324 36.37109143610092 127.345947061084 30000 240000
36.37109143610092 127.345947061084 36.37112938411596 127.34602714644612 60000 90000
36.37112938411596 127.34602714644612 36.371165400317736 127.34600148892842 30000 90000
36.371165400317736 127.34600148892842 36.371093140522966 127.34593660920346 30000 180000
36.371093140522966 127.34593660920346 36.371021061692836 127.34588732684124 30000 150000
36.371021061692836 127.34588732684124 36.370925958167426 127.3459657506558 360000 330000
36.370925958167426 127.3459657506558 36.370937393840656 127.34592839067221 60000 60000
36.370937393840656 127.34592839067221 36.36898722081968 127.34438887999471 1140000 60000
36.36898722081968 127.34438887999471 36.36880750753542 127.35079499554331 1470000 330000
36.36880750753542 127.35079499554331 36.36900704614994 127.34463098319755 3690000 8880000
36.36900704614994 127.34463098319755 36.368970296797265 127.34446490832585 330000 390000
36.368970296797265 127.34446490832585 36.36893458870962 127.34451463638523 330000 300000
36.36893458870962 127.34451463638523 36.36894494025965 127.34477818536989 60000 90000
36.36894494025965 127.34477818536989 36.36892508555694 127.34426288062338 120000 480000
36.36892508555694 127.34426288062338 36.36892379601555 127.34440289823033 390000 360000
36.36892379601555 127.34440289823033 36.36909899988302 127.34423896728052 120000 360000
36.36909899988302 127.34423896728052 36.36907965807132 127.34478238019116 120000 540000
36.36907965807132 127.34478238019116 36.36913252566545 127.34500271401129 90000 780000
36.36913252566545 127.34500271401129 36.36879452880337 127.34460014311128 480000 360000
36.36879452880337 127.34460014311128 36.36916620886573 127.34547683793643 630000 900000
36.36916620886573 127.34547683793643 36.368578389561605 127.34458960977437 120000 630000
36.368578389561605 127.34458960977437 36.36891090163646 127.34515576018168 90000 1380000
36.36891090163646 127.34515576018168 36.36887477285699 127.34529413948765 840000 690000
36.36887477285699 127.34529413948765 36.36884776425452 127.34502778191944 90000 60000
36.36884776425452 127.34502778191944 36.36888283671749 127.3454510140376 600000 60000
36.36888283671749 127.3454510140376 36.36888398834056 127.34531434363022 600000 120000
36.36888398834056 127.34531434363022 36.36887879969148 127.34538532953671 840000 90000
36.36887879969148 127.34538532953671 36.368885717044996 127.34537118758021 150000 60000
36.368885717044996 127.34537118758021 36.36888791308975 127.3454568637842 30000 90000
36.36888791308975 127.3454568637842 36.36887858473099 127.34542798895875 120000 90000
36.36887858473099 127.34542798895875 36.368901338136745 127.34551825543146 300000 60000
36.368901338136745 127.34551825543146 36.36890950465064 127.34552501712186 60000 60000
36.36890950465064 127.34552501712186 36.36889521327469 127.3452726888534 270000 60000
36.36889521327469 127.3452726888534 36.368937254682315 127.34530996087967 480000 60000
