36.37221696760191 127.35504043426326 36.372222206063356 127.35489035678897 90000 30000
36.372222206063356 127.35489035678897 36.37223590625031 127.35488128621763 30000 30000
36.37223590625031 127.35488128621763 36.37220084973954 127.35483675758104 60000 30000
36.37220084973954 127.35483675758104 36.3721686132368 127.35568774715864 180000 30000
36.3721686132368 127.35568774715864 36.37220649117866 127.35602088665807 60000 840000
36.37220649117866 127.35602088665807 36.372259834089434 127.35587175146468 150000 360000
36.372259834089434 127.35587175146468 36.37230002195281 127.35595903557612 60000 30000
36.37230002195281 127.35595903557612 36.372241974903545 127.35583606949751 30000 60000
36.372241974903545 127.35583606949751 36.37218002745968 127.35570484087606 30000 60000
36.37218002745968 127.35570484087606 36.37221582930672 127.35575882268037 60000 60000
36.37221582930672 127.35575882268037 36.37219520815392 127.35562342821228 60000 270000
36.37219520815392 127.35562342821228 36.372120060604736 127.3548733444942 120000 780000
36.372120060604736 127.3548733444942 36.37003489792957 127.34897498875043 480000 1140000
36.37003489792957 127.34897498875043 36.37041705842358 127.34803961474017 120000 30000
36.37041705842358 127.34803961474017 36.37042028196405 127.34794187186378 30000 60000
36.37042028196405 127.34794187186378 36.37054305465889 127.34765563693108 30000 60000
36.37054305465889 127.34765563693108 36.37023537771614 127.34785372250028 90000 30000
36.37023537771614 127.34785372250028 36.37034501034845 127.34752698687976 30000 30000
36.37034501034845 127.34752698687976 36.370674101939585 127.34794481295503 120000 30000
36.370674101939585 127.34794481295503 36.37060406870087 127.34815244783721 60000 30000
36.37060406870087 127.34815244783721 36.3706389240615 127.34802982948756 30000 30000
36.3706389240615 127.34802982948756 36.37058730591121 127.34808450061047 60000 30000
36.37058730591121 127.34808450061047 36.37061245014875 127.3482451331227 60000 30000
36.37061245014875 127.3482451331227 36.37061861529635 127.34810635255506 90000 30000
36.37061861529635 127.34810635255506 36.37068115351747 127.34804698123851 120000 30000
36.37068115351747 127.34804698123851 36.37073329569291 127.34803021427206 30000 30000
36.37073329569291 127.34803021427206 36.37056582854514 127.34825964615331 90000 30000
36.37056582854514 127.34825964615331 36.37037014545758 127.34841014802906 60000 90000
36.37037014545758 127.34841014802906 36.3708420398949 127.34837261233406 120000 60000
36.3708420398949 127.34837261233406 36.37067801052311 127.34807518258125 60000 30000
36.37067801052311 127.34807518258125 36.3707534432521 127.34803032426973 30000 30000
36.3707534432521 127.34803032426973 36.36955538424371 127.3492438091324 360000 30000
36.36955538424371 127.3492438091324 36.36951710369132 127.34884371204889 30000 30000
36.36951710369132 127.34884371204889 36.36966023253353 127.34866092513191 30000 30000
36.36966023253353 127.34866092513191 36.36927588623745 127.3481297554178 60000 30000
36.36927588623745 127.3481297554178 36.36973442396453 127.34844655597371 210000 30000
36.36973442396453 127.34844655597371 36.36971811117563 127.34889444762439 30000 30000
36.36971811117563 127.34889444762439 36.369769324039666 127.34915192984076 90000 30000
36.369769324039666 127.34915192984076 36.36961189333696 127.3489350347504 60000 30000
36.36961189333696 127.3489350347504 36.36959436321241 127.34929861770478 300000 60000
36.36959436321241 127.34929861770478 36.36960139297538 127.34930506698878 30000 150000
36.36960139297538 127.34930506698878 36.37026990010894 127.34794308124448 180000 210000
36.37026990010894 127.34794308124448 36.37032634271449 127.34783321420477 120000 360000
36.37032634271449 127.34783321420477 36.37032631341366 127.34782763688877 30000 300000
36.37032631341366 127.34782763688877 36.37015277066464 127.34813784319593 60000 390000
36.37015277066464 127.34813784319593 36.37176983527452 127.34778558214332 930000 510000
36.37176983527452 127.34778558214332 36.3717998030605 127.34737541758888 60000 270000
36.3717998030605 127.34737541758888 36.37167529960968 127.34750524967168 90000 330000
36.37167529960968 127.34750524967168 36.37191394719922 127.34765447046482 180000 30000
36.37191394719922 127.34765447046482 36.37159289154455 127.34708024439314 300000 30000
36.37159289154455 127.34708024439314 36.371616832647476 127.34715298329866 30000 90000
36.371616832647476 127.34715298329866 36.371705660856314 127.34731844499537 30000 120000
36.371705660856314 127.34731844499537 36.37166298840254 127.34631696530042 450000 30000
36.37166298840254 127.34631696530042 36.371607058320066 127.34612565755971 120000 30000
36.371607058320066 127.34612565755971 36.37157933528893 127.34596189151179 90000 30000
36.37157933528893 127.34596189151179 36.37153114212518 127.34604534130033 30000 30000
36.37153114212518 127.34604534130033 36.371563136566905 127.34750653677386 240000 30000
36.371563136566905 127.34750653677386 36.37159392778242 127.34760553122769 60000 30000
36.37159392778242 127.34760553122769 36.37158030242864 127.34656607773312 60000 30000
36.37158030242864 127.34656607773312 36.371836902625745 127.34641097000465 570000 30000
36.371836902625745 127.34641097000465 36.37038753991458 127.34786807644964 150000 30000
36.37038753991458 127.34786807644964 36.37067023354163 127.34876479757878 180000 300000
36.37067023354163 127.34876479757878 36.37063578108562 127.34867670257377 30000 30000
36.37063578108562 127.34867670257377 36.37058944154155 127.34859781556892 30000 60000
36.37058944154155 127.34859781556892 36.367597315926915 127.3490954632064 420000 30000
36.367597315926915 127.3490954632064 36.36668910498082 127.34835136011348 300000 30000
36.36668910498082 127.34835136011348 36.36660465382071 127.34840024574953 30000 60000
36.36660465382071 127.34840024574953 36.366529549034055 127.34844372111755 30000 60000
36.366529549034055 127.34844372111755 36.36641400490567 127.34840156017046 60000 30000
36.36641400490567 127.34840156017046 36.3661514812282 127.34846150882117 30000 30000
36.3661514812282 127.34846150882117 36.366929985931826 127.34838828412691 60000 30000
36.366929985931826 127.34838828412691 36.366937924102274 127.34828298235756 90000 30000
