36.368865248637555 127.36717096214832 36.37169404223392 127.354325504085 2010000 5340000
36.37169404223392 127.354325504085 36.37196137404584 127.35425628712886 1410000 150000
36.37196137404584 127.35425628712886 36.37212751220992 127.35245695498001 90000 480000
36.37212751220992 127.35245695498001 36.37208157565125 127.35208258533203 300000 630000
36.37208157565125 127.35208258533203 36.37179709100746 127.35453165472998 150000 600000
36.37179709100746 127.35453165472998 36.3680543583623 127.36634303962138 2130000 210000
36.3680543583623 127.36634303962138 36.36814821945929 127.36628718651298 1200000 60000
36.36814821945929 127.36628718651298 36.36816890446894 127.36638284050467 420000 60000
36.36816890446894 127.36638284050467 36.367966622133515 127.36645045796608 300000 60000
36.367966622133515 127.36645045796608 36.36812968367676 127.36648707019653 660000 60000
36.36812968367676 127.36648707019653 36.36816001427995 127.36637307911948 420000 60000
36.36816001427995 127.36637307911948 36.367935191839486 127.3664559552036 270000 90000
36.367935191839486 127.3664559552036 36.367706314692796 127.3666005353985 60000 60000
36.367706314692796 127.3666005353985 36.367993630140944 127.36652918853584 120000 480000
36.367993630140944 127.36652918853584 36.36791907379985 127.36653951504748 150000 90000
36.36791907379985 127.36653951504748 36.37367485051531 127.35682773250456 870000 1020000
36.37367485051531 127.35682773250456 36.373710995284505 127.35681868936292 30000 60000
36.373710995284505 127.35681868936292 36.37367457630098 127.35678041144965 30000 90000
36.37367457630098 127.35678041144965 36.37470399212903 127.35679271432652 240000 120000
36.37470399212903 127.35679271432652 36.36811292084814 127.36624254805447 1410000 7410000
36.36811292084814 127.36624254805447 36.36792201527838 127.36627506486596 270000 60000
36.36792201527838 127.36627506486596 36.367996822409665 127.36629282223187 240000 90000
36.367996822409665 127.36629282223187 36.367768906647854 127.36641681408271 60000 60000
36.367768906647854 127.36641681408271 36.36795372756784 127.3663548038478 240000 60000
36.36795372756784 127.3663548038478 36.368184216690615 127.36632676755018 390000 300000
36.368184216690615 127.36632676755018 36.371984061173 127.35341349371812 750000 6210000
36.371984061173 127.35341349371812 36.36816310191391 127.36636370964169 900000 390000
36.36816310191391 127.36636370964169 36.36839219394604 127.36604992099613 450000 60000
36.36839219394604 127.36604992099613 36.368127104793416 127.36661142017687 2730000 150000
36.368127104793416 127.36661142017687 36.36806249452345 127.3664612865349 420000 60000
36.36806249452345 127.3664612865349 36.368052854008944 127.36717116027731 270000 60000
36.368052854008944 127.36717116027731 36.36813505639855 127.36654116423058 930000 270000
36.36813505639855 127.36654116423058 36.3681357776286 127.3664587779717 3240000 360000
36.3681357776286 127.3664587779717 36.36818745905737 127.36655102034842 60000 570000
36.36818745905737 127.36655102034842 36.36826405496583 127.36624342775588 270000 5520000
36.36826405496583 127.36624342775588 36.3682263290319 127.36639686061176 120000 60000
36.3682263290319 127.36639686061176 36.36787555481349 127.36580891727458 3360000 150000
36.36787555481349 127.36580891727458 36.368128240740226 127.36597777219217 1380000 4260000
36.368128240740226 127.36597777219217 36.368164673406056 127.36635995764024 540000 180000
36.368164673406056 127.36635995764024 36.36815552923924 127.3664585591189 30000 90000
36.36815552923924 127.3664585591189 36.367983202634704 127.36661374148925 270000 60000
36.367983202634704 127.36661374148925 36.36835829221921 127.36553514920266 420000 60000
36.36835829221921 127.36553514920266 36.368152652006216 127.36636742949476 120000 5070000
36.368152652006216 127.36636742949476 36.368300594841934 127.36628220172581 480000 60000
36.368300594841934 127.36628220172581 36.36798113036945 127.36648973345618 480000 60000
36.36798113036945 127.36648973345618 36.36809532523736 127.36646504854212 180000 210000
36.36809532523736 127.36646504854212 36.36792282159855 127.36634952964785 150000 90000
