36.370965348050795 127.3461996298965 36.370943113851375 127.34616600311291 30000 60000
36.370943113851375 127.34616600311291 36.370950371118724 127.34614020026648 30000 300000
36.370950371118724 127.34614020026648 36.37115059040349 127.34601080032564 450000 270000
36.37115059040349 127.34601080032564 36.3711433081751 127.34607908403783 30000 120000
36.3711433081751 127.34607908403783 36.37085376512786 127.34613830696078 120000 90000
36.37085376512786 127.34613830696078 36.37092122958997 127.34609755182184 30000 150000
36.37092122958997 127.34609755182184 36.37094706210056 127.34611979189377 60000 270000
36.37094706210056 127.34611979189377 36.37089815711982 127.34612896697386 30000 150000
36.37089815711982 127.34612896697386 36.37093025359408 127.34614117107965 30000 60000
36.37093025359408 127.34614117107965 36.370895289834166 127.34610819432825 30000 60000
36.370895289834166 127.34610819432825 36.370869808038826 127.34604398894639 30000 240000
36.370869808038826 127.34604398894639 36.370941090342434 127.34616833900115 120000 90000
36.370941090342434 127.34616833900115 36.37097037157978 127.34623713279821 30000 60000
36.37097037157978 127.34623713279821 36.372111501528614 127.35501090253844 480000 60000
36.372111501528614 127.35501090253844 36.37207424988806 127.35485925263146 60000 60000
36.37207424988806 127.35485925263146 36.37207379746065 127.35487375152464 30000 150000
36.37207379746065 127.35487375152464 36.37205395723336 127.3547640441285 30000 180000
36.37205395723336 127.3547640441285 36.37218011099596 127.35453015933858 180000 90000
36.37218011099596 127.35453015933858 36.370966127172984 127.3592582097353 270000 60000
36.370966127172984 127.3592582097353 36.37099857559487 127.3592918040625 30000 60000
36.37099857559487 127.3592918040625 36.37095508453678 127.35922160493105 30000 150000
36.37095508453678 127.35922160493105 36.3709681607016 127.35928632039291 90000 630000
36.3709681607016 127.35928632039291 36.36809551634629 127.34924893109346 270000 90000
36.36809551634629 127.34924893109346 36.37232709063022 127.35497831695474 240000 180000
36.37232709063022 127.35497831695474 36.372313792452005 127.35493598684245 30000 90000
36.372313792452005 127.35493598684245 36.372293887389 127.35485484920316 30000 120000
36.372293887389 127.35485484920316 36.37225215888571 127.35472857512819 30000 90000
36.37225215888571 127.35472857512819 36.372329756862015 127.354789861412 180000 150000
36.372329756862015 127.354789861412 36.37236719451775 127.35487752172442 30000 240000
36.37236719451775 127.35487752172442 36.37232240438551 127.35470270466847 150000 210000
36.37232240438551 127.35470270466847 36.3722932331844 127.3546178420138 60000 150000
36.3722932331844 127.3546178420138 36.37231447430289 127.3546784503555 30000 60000
36.37231447430289 127.3546784503555 36.372292249882854 127.35457817318371 30000 90000
36.372292249882854 127.35457817318371 36.372330132966496 127.35479498862684 540000 60000
36.372330132966496 127.35479498862684 36.37241450569152 127.35504297403736 180000 60000
36.37241450569152 127.35504297403736 36.37234074265781 127.35487141553892 600000 60000
36.37234074265781 127.35487141553892 36.37236537514205 127.35481623311321 30000 450000
36.37236537514205 127.35481623311321 36.37087963930633 127.35935368373411 240000 90000
36.37087963930633 127.35935368373411 36.37091986282332 127.3592846052155 30000 300000
36.37091986282332 127.3592846052155 36.37093077933179 127.35933242852832 30000 210000
36.37093077933179 127.35933242852832 36.37088326385149 127.35914452449408 60000 180000
36.37088326385149 127.35914452449408 36.37088579451844 127.35924965573234 30000 60000
36.37088579451844 127.35924965573234 36.37092213947716 127.35940066794004 60000 150000
36.37092213947716 127.35940066794004 36.37239212708354 127.35454001603591 330000 90000
36.37239212708354 127.35454001603591 36.367702019178985 127.36704796480039 360000 90000
36.367702019178985 127.36704796480039 36.36958943375359 127.36628078758659 180000 90000
36.36958943375359 127.36628078758659 36.36968491334622 127.36649705611869 150000 90000
36.36968491334622 127.36649705611869 36.369668495745124 127.36648664152092 60000 90000
36.369668495745124 127.36648664152092 36.369661455179205 127.36652344233076 30000 60000
36.369661455179205 127.36652344233076 36.369578016317455 127.36636614102834 60000 180000
36.369578016317455 127.36636614102834 36.36773656031436 127.34935669718729 660000 180000
36.36773656031436 127.34935669718729 36.36771850399144 127.34945917055876 30000 90000
36.36771850399144 127.34945917055876 36.36773222049443 127.34946209787591 60000 90000
36.36773222049443 127.34946209787591 36.36825545859094 127.34908466092459 150000 90000
36.36825545859094 127.34908466092459 36.373882551761696 127.36020789903684 420000 9210000
36.373882551761696 127.36020789903684 36.37387727238968 127.36025524214399 30000 420000
36.37387727238968 127.36025524214399 36.373940105668545 127.36019261747084 30000 60000
36.373940105668545 127.36019261747084 36.373935156245196 127.36011629537093 30000 330000
36.373935156245196 127.36011629537093 36.3739089995064 127.3601994373495 30000 90000
36.3739089995064 127.3601994373495 36.37392147495863 127.36024758141383 150000 1020000
36.37392147495863 127.36024758141383 36.36987865363762 127.34814204607251 360000 150000
36.36987865363762 127.34814204607251 36.371403175074136 127.35649582460134 420000 180000
36.371403175074136 127.35649582460134 36.37194493413838 127.35406985532057 270000 60000
36.37194493413838 127.35406985532057 36.368577415229254 127.3624923604338 750000 60000
36.368577415229254 127.3624923604338 36.36863758947928 127.36256218829544 30000 60000
36.36863758947928 127.36256218829544 36.36865540215812 127.36257042002133 60000 60000
36.36865540215812 127.36257042002133 36.368650430224 127.36250253632407 1080000 120000
36.368650430224 127.36250253632407 36.36873347882278 127.3626269082806 30000 60000
36.36873347882278 127.3626269082806 36.36861076089081 127.36250466842715 30000 60000
36.36861076089081 127.36250466842715 36.368659281819795 127.3624961863535 240000 150000
36.368659281819795 127.3624961863535 36.36862748609929 127.36250860027043 150000 60000
36.36862748609929 127.36250860027043 36.36858168919532 127.36228221444895 180000 60000
36.36858168919532 127.36228221444895 36.36861762987433 127.36251988596659 120000 60000
36.36861762987433 127.36251988596659 36.36861315714574 127.36246967266969 360000 60000
36.36861315714574 127.36246967266969 36.368568949867054 127.36231898574556 120000 60000
36.368568949867054 127.36231898574556 36.3685773991461 127.3622923012248 150000 90000
36.3685773991461 127.3622923012248 36.36863543774812 127.36222242399815 90000 60000
36.36863543774812 127.36222242399815 36.36864253506938 127.36219788808253 210000 60000
36.36864253506938 127.36219788808253 36.36855819972823 127.36236813153896 510000 90000
36.36855819972823 127.36236813153896 36.368631343751765 127.36253668545557 240000 60000
36.368631343751765 127.36253668545557 36.368649511491945 127.36243810184413 90000 60000
36.368649511491945 127.36243810184413 36.36885159231966 127.36217475980258 210000 60000
36.36885159231966 127.36217475980258 36.368672452965775 127.36237081926184 210000 60000
36.368672452965775 127.36237081926184 36.368634615682204 127.36239500236411 60000 60000
36.368634615682204 127.36239500236411 36.36867997206145 127.36233466961306 210000 60000
36.36867997206145 127.36233466961306 36.367749769074486 127.34938935696802 1200000 60000
