36.37111258158779 127.34595705387123 36.37124031761229 127.34594100157472 60000 60000
36.37124031761229 127.34594100157472 36.37102591994417 127.34599504053745 30000 60000
36.37102591994417 127.34599504053745 36.371019150308214 127.34604146563517 150000 120000
36.371019150308214 127.34604146563517 36.37095965839105 127.34607637931353 30000 210000
36.37095965839105 127.34607637931353 36.370982293644396 127.34604589105088 60000 120000
36.370982293644396 127.34604589105088 36.37098860644639 127.3460261692528 60000 60000
36.37098860644639 127.3460261692528 36.37099060520326 127.34608386670838 120000 90000
36.37099060520326 127.34608386670838 36.371022273240435 127.34608591176247 60000 120000
36.371022273240435 127.34608591176247 36.37096770666122 127.346050343915 270000 90000
36.37096770666122 127.346050343915 36.3708916829762 127.3461364323884 60000 60000
36.3708916829762 127.3461364323884 36.37093885537406 127.34629024816996 330000 60000
36.37093885537406 127.34629024816996 36.37097423460643 127.34632075848857 210000 60000
36.37097423460643 127.34632075848857 36.37112504636864 127.34600773940015 270000 60000
36.37112504636864 127.34600773940015 36.371120184078286 127.34605496165322 60000 60000
36.371120184078286 127.34605496165322 36.37116974185186 127.34603287329253 240000 60000
36.37116974185186 127.34603287329253 36.37114579028324 127.34598273747963 60000 120000
36.37114579028324 127.34598273747963 36.37109328204884 127.34603231256675 90000 120000
36.37109328204884 127.34603231256675 36.3711070746071 127.34601274202036 90000 180000
36.3711070746071 127.34601274202036 36.37101149432911 127.34604589102979 120000 60000
36.37101149432911 127.34604589102979 36.37111829686985 127.3459907526239 150000 60000
36.37111829686985 127.3459907526239 36.37115878958675 127.34598949920391 90000 90000
36.37115878958675 127.34598949920391 36.371159684120315 127.34596776270499 90000 270000
36.371159684120315 127.34596776270499 36.37095923933893 127.34609382790514 270000 120000
36.37095923933893 127.34609382790514 36.37091868083224 127.345980747399 270000 120000
36.37091868083224 127.345980747399 36.37239442797321 127.3556353024605 2010000 60000
36.37239442797321 127.3556353024605 36.37282422052775 127.3559399145468 990000 630000
36.37282422052775 127.3559399145468 36.37264229407768 127.35572840779218 750000 60000
36.37264229407768 127.35572840779218 36.371442895536674 127.35544415968617 210000 210000
36.371442895536674 127.35544415968617 36.37221632307536 127.35484681756816 600000 300000
36.37221632307536 127.35484681756816 36.37273151723338 127.35552902769047 1980000 690000
36.37273151723338 127.35552902769047 36.37263164532228 127.35575074541084 600000 60000
36.37263164532228 127.35575074541084 36.371914903563784 127.35340548953587 360000 690000
36.371914903563784 127.35340548953587 36.372086067163764 127.35381498171058 780000 60000
36.372086067163764 127.35381498171058 36.37213652483674 127.35382367845945 720000 60000
36.37213652483674 127.35382367845945 36.37234894012194 127.353692374302 1860000 60000
36.37234894012194 127.353692374302 36.3722313181842 127.35373790882299 390000 60000
36.3722313181842 127.35373790882299 36.371175552361386 127.3531451900983 1440000 60000
36.371175552361386 127.3531451900983 36.371977372171465 127.35401825721081 570000 60000
36.371977372171465 127.35401825721081 36.3709823803829 127.35321578866106 210000 510000
36.3709823803829 127.35321578866106 36.3720857514101 127.35378929934964 1440000 210000
36.3720857514101 127.35378929934964 36.37212259591156 127.35566696702338 1410000 90000
36.37212259591156 127.35566696702338 36.37254238299713 127.35532103591088 540000 2100000
36.37254238299713 127.35532103591088 36.36786674358148 127.3495013324759 1170000 540000
36.36786674358148 127.3495013324759 36.36794771024274 127.34930241087041 210000 60000
36.36794771024274 127.34930241087041 36.367940027279225 127.34946342825064 120000 60000
36.367940027279225 127.34946342825064 36.36800138686358 127.34930695309494 180000 60000
36.36800138686358 127.34930695309494 36.36794870414891 127.34918009483363 210000 90000
36.36794870414891 127.34918009483363 36.36795130993464 127.34918806601522 390000 60000
36.36795130993464 127.34918806601522 36.36797728694706 127.34904079201927 270000 90000
36.36797728694706 127.34904079201927 36.36797184037526 127.34900296339431 180000 60000
36.36797184037526 127.34900296339431 36.36806529373199 127.34904103942007 1170000 90000
36.36806529373199 127.34904103942007 36.36804125568148 127.34923249832428 240000 180000
36.36804125568148 127.34923249832428 36.36802811271353 127.34922253441148 60000 150000
36.36802811271353 127.34922253441148 36.367991302977316 127.34945523719419 90000 90000
36.367991302977316 127.34945523719419 36.3679568706818 127.34974720142242 120000 90000
36.3679568706818 127.34974720142242 36.36796775039244 127.349694392513 150000 60000
36.36796775039244 127.349694392513 36.368014009347576 127.34947920564285 630000 90000
36.368014009347576 127.34947920564285 36.367983868521435 127.34999331773368 510000 60000
36.367983868521435 127.34999331773368 36.36808621849358 127.3493919627369 900000 60000
36.36808621849358 127.3493919627369 36.368113807354966 127.34908718967074 1020000 60000
36.368113807354966 127.34908718967074 36.36812726596494 127.34926513882043 120000 150000
36.36812726596494 127.34926513882043 36.36813241032931 127.3494423459465 270000 60000
36.36813241032931 127.3494423459465 36.368030298751464 127.34900760180494 420000 60000
36.368030298751464 127.34900760180494 36.36794235546003 127.34985400001733 1860000 90000
36.36794235546003 127.34985400001733 36.367995097445515 127.34960550725809 270000 60000
36.367995097445515 127.34960550725809 36.36810285776568 127.3492369759348 1830000 60000
36.36810285776568 127.3492369759348 36.368097502000396 127.34913564932484 90000 60000
36.368097502000396 127.34913564932484 36.368105764442284 127.34906910889337 90000 270000
36.368105764442284 127.34906910889337 36.368099713415376 127.34899289088526 60000 60000
36.368099713415376 127.34899289088526 36.36810349175445 127.34899376221419 120000 90000
36.36810349175445 127.34899376221419 36.368104629397884 127.34903443019127 90000 60000
36.368104629397884 127.34903443019127 36.36810904441476 127.34907892163432 90000 90000
36.36810904441476 127.34907892163432 36.36814041298614 127.3491680666405 30000 60000
36.36814041298614 127.3491680666405 36.368128474160514 127.34906780188349 510000 60000
36.368128474160514 127.34906780188349 36.36816482113404 127.34926632073844 390000 90000
36.36816482113404 127.34926632073844 36.368123123637105 127.34935261271141 720000 60000
