36.36766803416045 127.35720584032097 36.367634129740274 127.3572342890318 90000 30000
36.367634129740274 127.3572342890318 36.367800035856895 127.3574076599255 150000 30000
36.367800035856895 127.3574076599255 36.367637458114 127.3571331104256 90000 330000
36.367637458114 127.3571331104256 36.36766509262452 127.35712521076297 30000 60000
36.36766509262452 127.35712521076297 36.36758482444357 127.35701713829252 30000 30000
36.36758482444357 127.35701713829252 36.36760671282215 127.35710792682313 60000 30000
36.36760671282215 127.35710792682313 36.36787927450587 127.35757370178644 60000 30000
36.36787927450587 127.35757370178644 36.36782731055726 127.35743191252274 30000 30000
36.36782731055726 127.35743191252274 36.3679615390117 127.35757112432594 60000 30000
36.3679615390117 127.35757112432594 36.36787154953182 127.35763286875412 30000 60000
36.36787154953182 127.35763286875412 36.36769938388521 127.35741718576459 270000 60000
36.36769938388521 127.35741718576459 36.36773004856525 127.3575583990762 30000 30000
36.36773004856525 127.3575583990762 36.367727187623025 127.35742427751568 30000 30000
36.367727187623025 127.35742427751568 36.367678087827045 127.35710550678526 60000 30000
36.367678087827045 127.35710550678526 36.36844738507638 127.35667450770319 210000 90000
36.36844738507638 127.35667450770319 36.367843753802035 127.35713487489261 300000 30000
36.367843753802035 127.35713487489261 36.36763766763234 127.35715458304315 60000 30000
36.36763766763234 127.35715458304315 36.36768553035638 127.35718999141493 60000 30000
36.36768553035638 127.35718999141493 36.3674892843264 127.357230198938 30000 30000
36.3674892843264 127.357230198938 36.368085734982365 127.35682320824023 240000 30000
36.368085734982365 127.35682320824023 36.367815764661785 127.35696091683474 180000 30000
36.367815764661785 127.35696091683474 36.36756189105895 127.35728994974262 240000 30000
36.36756189105895 127.35728994974262 36.36796983768026 127.35733025630597 120000 60000
36.36796983768026 127.35733025630597 36.36763297730148 127.35732314817596 30000 30000
36.36763297730148 127.35732314817596 36.36775594233184 127.35732776593058 60000 30000
36.36775594233184 127.35732776593058 36.36792251488243 127.3573693917757 30000 30000
36.36792251488243 127.3573693917757 36.36779529469899 127.35734203157088 30000 30000
36.36779529469899 127.35734203157088 36.367940865386174 127.35738954521076 30000 30000
36.367940865386174 127.35738954521076 36.36781444299746 127.3573452144725 60000 30000
36.36781444299746 127.3573452144725 36.3678808979525 127.3572343878788 270000 30000
36.3678808979525 127.3572343878788 36.36787975361112 127.3573117850571 30000 30000
36.36787975361112 127.3573117850571 36.36798030638887 127.35750243333091 30000 30000
36.36798030638887 127.35750243333091 36.367603432786055 127.35723724115152 330000 60000
36.367603432786055 127.35723724115152 36.36758643621897 127.35725623164595 60000 30000
36.36758643621897 127.35725623164595 36.36754519804235 127.35730617793908 60000 90000
36.36754519804235 127.35730617793908 36.36787428144815 127.35732870595925 30000 30000
36.36787428144815 127.35732870595925 36.36782641072131 127.35738538370417 30000 30000
36.36782641072131 127.35738538370417 36.36779464999175 127.35729852541789 60000 60000
36.36779464999175 127.35729852541789 36.36782282442515 127.3572744473091 60000 30000
36.36782282442515 127.3572744473091 36.36811741509283 127.35734523107 60000 30000
36.36811741509283 127.35734523107 36.368338418581274 127.35739300854934 30000 30000
36.368338418581274 127.35739300854934 36.367995070615905 127.35732041048509 120000 30000
36.367995070615905 127.35732041048509 36.367849798072484 127.35732822782629 30000 30000
36.367849798072484 127.35732822782629 36.36794971423469 127.35731532543214 60000 30000
36.36794971423469 127.35731532543214 36.36786445750394 127.35725764174543 60000 60000
36.36786445750394 127.35725764174543 36.36791548745754 127.35718827618375 60000 30000
36.36791548745754 127.35718827618375 36.36807565304441 127.35726262247611 90000 30000
36.36807565304441 127.35726262247611 36.3680699392333 127.35735065697659 120000 30000
36.3680699392333 127.35735065697659 36.36798048373475 127.3573156772486 300000 30000
36.36798048373475 127.3573156772486 36.36787209751316 127.35732029493725 120000 360000
36.36787209751316 127.35732029493725 36.367965824312385 127.35732446758689 30000 30000
36.367965824312385 127.35732446758689 36.36755142770119 127.35711950429541 60000 30000
36.36755142770119 127.35711950429541 36.36771635086797 127.35717815563737 60000 30000
36.36771635086797 127.35717815563737 36.36777233448149 127.35721533986306 60000 60000
36.36777233448149 127.35721533986306 36.367748189523034 127.35725642134948 90000 30000
36.367748189523034 127.35725642134948 36.367707859344826 127.35725564630268 210000 90000
36.367707859344826 127.35725564630268 36.36762686850816 127.3572911536293 210000 150000
36.36762686850816 127.3572911536293 36.36747979881311 127.35721456453456 180000 30000
36.36747979881311 127.35721456453456 36.36775678851169 127.35727154449063 30000 30000
36.36775678851169 127.35727154449063 36.367796116730865 127.35722516893296 60000 30000
36.367796116730865 127.35722516893296 36.36820799081205 127.357442171711 60000 30000
36.36820799081205 127.357442171711 36.36777163330121 127.35716590470086 60000 13590000
36.36777163330121 127.35716590470086 36.36773123324922 127.35717815008337 60000 90000
36.36773123324922 127.35717815008337 36.367843286389494 127.35720757730932 30000 30000
36.367843286389494 127.35720757730932 36.36776068103741 127.35715870597302 90000 60000
36.36776068103741 127.35715870597302 36.36790360839373 127.35739340430403 90000 30000
36.36790360839373 127.35739340430403 36.367724391142346 127.35718771554808 60000 30000
36.367724391142346 127.35718771554808 36.3677755499925 127.35708229832986 60000 30000
36.3677755499925 127.35708229832986 36.36773548041076 127.35724256798602 30000 30000
36.36773548041076 127.35724256798602 36.36771389012624 127.35720789617568 30000 30000
36.36771389012624 127.35720789617568 36.3677479315859 127.35702569767626 30000 60000
36.3677479315859 127.35702569767626 36.367742779225836 127.35699730384137 90000 30000
36.367742779225836 127.35699730384137 36.36777951238052 127.35686154126869 30000 60000
36.36777951238052 127.35686154126869 36.36778238139911 127.35680027872655 30000 60000
36.36778238139911 127.35680027872655 36.36784945958613 127.3567596479013 90000 60000
36.36784945958613 127.3567596479013 36.36791926711673 127.35654876398479 120000 30000
36.36791926711673 127.35654876398479 36.36800826864669 127.35610469434818 120000 30000
36.36800826864669 127.35610469434818 36.36798346732125 127.35625555092291 30000 30000
36.36798346732125 127.35625555092291 36.36795246566446 127.35644412164133 30000 30000
36.36795246566446 127.35644412164133 36.367793348035306 127.35677887851311 30000 30000
36.367793348035306 127.35677887851311 36.36790502427715 127.35687808335526 30000 60000
36.36790502427715 127.35687808335526 36.36800872427129 127.3569647455119 30000 30000
36.36800872427129 127.3569647455119 36.36816270704385 127.35716289505133 90000 30000
36.36816270704385 127.35716289505133 36.367749853720795 127.35719578835341 420000 30000
36.367749853720795 127.35719578835341 36.36760181290401 127.3571859674189 30000 30000
36.36760181290401 127.3571859674189 36.36774002570855 127.35720781380729 90000 30000
36.36774002570855 127.35720781380729 36.3678033779186 127.35721231336333 30000 60000
36.3678033779186 127.35721231336333 36.367752329188214 127.35721155203312 30000 30000
36.367752329188214 127.35721155203312 36.36780189501523 127.35725959612387 30000 60000
36.36780189501523 127.35725959612387 36.367958135924546 127.35822821523402 150000 30000
36.367958135924546 127.35822821523402 36.36945373252118 127.34895326527099 990000 30000
36.36945373252118 127.34895326527099 36.369535667729224 127.3490085170873 360000 30000
36.369535667729224 127.3490085170873 36.369608920505215 127.34880012355025 30000 30000
36.369608920505215 127.34880012355025 36.369544395687754 127.34896957114219 30000 30000
36.369544395687754 127.34896957114219 36.369462253838975 127.34899997416075 120000 30000
36.369462253838975 127.34899997416075 36.369919508358926 127.3492324543858 180000 30000
36.369919508358926 127.3492324543858 36.37226624936538 127.35411939232839 270000 30000
36.37226624936538 127.35411939232839 36.368687095583574 127.36776652747022 630000 10740000
36.368687095583574 127.36776652747022 36.36871467974046 127.36775597668112 30000 90000
36.36871467974046 127.36775597668112 36.36868873358689 127.36773090054592 60000 90000
36.36868873358689 127.36773090054592 36.368665037945576 127.3678068134285 90000 30000
36.368665037945576 127.3678068134285 36.36867937295928 127.36784367304156 30000 90000
36.36867937295928 127.36784367304156 36.368665761220164 127.36783307706679 30000 30000
36.368665761220164 127.36783307706679 36.368630603656 127.36780660731499 30000 30000
36.368630603656 127.36780660731499 36.36869439907979 127.36781063952122 30000 30000
36.36869439907979 127.36781063952122 36.36882977913859 127.36789102181902 30000 30000
36.36882977913859 127.36789102181902 36.36851368695847 127.36768304897323 60000 30000
36.36851368695847 127.36768304897323 36.36872493081236 127.36781455369032 180000 30000
36.36872493081236 127.36781455369032 36.36867815610616 127.36754386426915 60000 60000
36.36867815610616 127.36754386426915 36.36870801082682 127.3678830396847 150000 30000
36.36870801082682 127.3678830396847 36.368793376425316 127.36784949483369 60000 30000
36.368793376425316 127.36784949483369 36.3688020640633 127.3679141437247 60000 30000
36.3688020640633 127.3679141437247 36.36874982524954 127.36788270996763 150000 30000
36.36874982524954 127.36788270996763 36.368923812223166 127.36791493532581 30000 30000
36.368923812223166 127.36791493532581 36.36874346132753 127.36787474415945 120000 30000
36.36874346132753 127.36787474415945 36.36767205534791 127.35831128897436 660000 60000
36.36767205534791 127.35831128897436 36.367723410984496 127.3582057074238 30000 30000
36.367723410984496 127.3582057074238 36.36777476662108 127.35810012587325 30000 30000
36.36777476662108 127.35810012587325 36.37143754415266 127.35512963982826 630000 30000
36.37143754415266 127.35512963982826 36.37210677613892 127.35573122028156 60000 30000
36.37210677613892 127.35573122028156 36.37221831343534 127.35588246879962 90000 30000
36.37221831343534 127.35588246879962 36.37233382396748 127.3540260084352 510000 30000
36.37233382396748 127.3540260084352 36.37236280430221 127.35332024769745 90000 30000
36.37236280430221 127.35332024769745 36.372351151026194 127.35326292128846 30000 120000
36.372351151026194 127.35326292128846 36.37237282984947 127.35333152825947 30000 30000
36.37237282984947 127.35333152825947 36.372357974292974 127.35362569139959 90000 30000
36.372357974292974 127.35362569139959 36.37225170224486 127.35329590549583 150000 60000
36.37225170224486 127.35329590549583 36.372303401104496 127.3534362527265 30000 30000
36.372303401104496 127.3534362527265 36.37230110411773 127.3531840892971 150000 30000
36.37230110411773 127.3531840892971 36.37235457604031 127.35309173391889 120000 30000
36.37235457604031 127.35309173391889 36.37234901557859 127.35328065024078 60000 30000
36.37234901557859 127.35328065024078 36.372378229533396 127.3533936482847 30000 30000
36.372378229533396 127.3533936482847 36.372338619103076 127.35355664476737 120000 60000
36.372338619103076 127.35355664476737 36.372332695673784 127.35337646907001 150000 30000
36.372332695673784 127.35337646907001 36.372325885822505 127.35325310850618 30000 30000
36.372325885822505 127.35325310850618 36.37232443542872 127.35325038736994 30000 30000
36.37232443542872 127.35325038736994 36.372673392324536 127.35267060936874 90000 30000
36.372673392324536 127.35267060936874 36.372632191035024 127.35277170056804 30000 30000
36.372632191035024 127.35277170056804 36.37259123557909 127.3529171485624 30000 30000
36.37259123557909 127.3529171485624 36.37255028012315 127.35306259655675 30000 30000
36.37255028012315 127.35306259655675 36.37259492914185 127.35293444098738 30000 30000
36.37259492914185 127.35293444098738 36.37259799962602 127.35291625850377 30000 90000
36.37259799962602 127.35291625850377 36.372288958334316 127.35312799885786 60000 180000
36.372288958334316 127.35312799885786 36.37223089370458 127.35297076471653 30000 30000
36.37223089370458 127.35297076471653 36.372334468831745 127.3552230014266 480000 30000
36.372334468831745 127.3552230014266 36.37224081538672 127.35391775935665 90000 270000
36.37224081538672 127.35391775935665 36.37215880376051 127.35365425117067 270000 30000
36.37215880376051 127.35365425117067 36.372079278569274 127.3538555631179 360000 30000
36.372079278569274 127.3538555631179 36.36817819247198 127.34926256884793 150000 30000
36.36817819247198 127.34926256884793 36.37223107523721 127.35434642414134 480000 90000
36.37223107523721 127.35434642414134 36.372178000134156 127.35411404708603 330000 30000
36.372178000134156 127.35411404708603 36.37225839118486 127.35425326873566 900000 30000
36.37225839118486 127.35425326873566 36.37204020755779 127.35397586994227 120000 30000
36.37204020755779 127.35397586994227 36.37213070388623 127.35399719598638 30000 30000
36.37213070388623 127.35399719598638 36.37217686582339 127.35450056702567 60000 30000
36.37217686582339 127.35450056702567 36.37232561973062 127.35431225263575 30000 30000
36.37232561973062 127.35431225263575 36.37224114483285 127.35435759760539 90000 90000
36.37224114483285 127.35435759760539 36.372231119905535 127.35382222946738 270000 60000
36.372231119905535 127.35382222946738 36.372163624661056 127.35384768721062 30000 90000
36.372163624661056 127.35384768721062 36.37204603782811 127.3540516425783 30000 30000
36.37204603782811 127.3540516425783 36.37231937686694 127.3543512865329 30000 30000
36.37231937686694 127.3543512865329 36.37218335338506 127.35406570478591 240000 30000
36.37218335338506 127.35406570478591 36.37220660381169 127.3540595532656 30000 30000
36.37220660381169 127.3540595532656 36.37233228476322 127.35434667977489 120000 30000
36.37233228476322 127.35434667977489 36.372644891114525 127.35404147866734 270000 30000
36.372644891114525 127.35404147866734 36.37248989184467 127.35393866488731 30000 30000
36.37248989184467 127.35393866488731 36.37233489257482 127.35383585110728 30000 30000
36.37233489257482 127.35383585110728 36.37229211028139 127.3541535414646 180000 30000
36.37229211028139 127.3541535414646 36.37231033201901 127.35417579731984 360000 30000
36.37231033201901 127.35417579731984 36.372295739972 127.3543094559235 240000 30000
36.372295739972 127.3543094559235 36.37231999508798 127.35440267319086 30000 60000
36.37231999508798 127.35440267319086 36.37193369196363 127.35382084725785 540000 30000
36.37193369196363 127.35382084725785 36.36996788118057 127.3492169035579 150000 30000
36.36996788118057 127.3492169035579 36.3699858183626 127.34781262918783 210000 180000
36.3699858183626 127.34781262918783 36.37040051488381 127.3491351735337 120000 960000
36.37040051488381 127.3491351735337 36.37033315999162 127.34903585743074 30000 60000
36.37033315999162 127.34903585743074 36.370280882192915 127.34894146219152 30000 30000
36.370280882192915 127.34894146219152 36.370228604394214 127.3488470669523 30000 30000
36.370228604394214 127.3488470669523 36.36991960107666 127.3484251355829 120000 30000
36.36991960107666 127.3484251355829 36.37011055230994 127.34848541404173 60000 30000
36.37011055230994 127.34848541404173 36.370252069325176 127.3481615102447 90000 30000
36.370252069325176 127.3481615102447 36.37000910906954 127.3487000744838 120000 30000
36.37000910906954 127.3487000744838 36.370009548221866 127.34860586372041 150000 30000
36.370009548221866 127.34860586372041 36.36992527867662 127.34886672667767 60000 30000
36.36992527867662 127.34886672667767 36.369710393494756 127.34875739557195 240000 30000
36.369710393494756 127.34875739557195 36.369832057182585 127.34882647296507 30000 30000
36.369832057182585 127.34882647296507 36.36998086997925 127.34882350932372 30000 30000
36.36998086997925 127.34882350932372 36.36996013405941 127.34861679796978 30000 30000
36.36996013405941 127.34861679796978 36.3699941029856 127.34905997228648 60000 30000
36.3699941029856 127.34905997228648 36.37226161998445 127.3549113997063 510000 30000
36.37226161998445 127.3549113997063 36.37219169642262 127.35500032037254 30000 60000
36.37219169642262 127.35500032037254 36.37236351533052 127.35495199732517 330000 1380000
36.37236351533052 127.35495199732517 36.361088295413424 127.36994344898659 900000 30000
36.361088295413424 127.36994344898659 36.360314936451076 127.36935804730307 60000 30000
36.360314936451076 127.36935804730307 36.3602802381658 127.36932014024654 30000 30000
36.3602802381658 127.36932014024654 36.359258488382245 127.3685406985759 60000 30000
36.359258488382245 127.3685406985759 36.35825884912879 127.36781345966756 60000 60000
36.35825884912879 127.36781345966756 36.35334910856314 127.36475696377263 90000 120000
36.35334910856314 127.36475696377263 36.33773387212707 127.35875999317054 390000 30000
36.33773387212707 127.35875999317054 36.33762567932003 127.35896420594125 30000 90000
36.33762567932003 127.35896420594125 36.33759982990448 127.35899155804195 30000 30000
36.33759982990448 127.35899155804195 36.337595771590905 127.35889976206987 30000 90000
36.337595771590905 127.35889976206987 36.33761699108545 127.35884132843387 30000 180000
36.33761699108545 127.35884132843387 36.33810707324487 127.35955262891484 120000 180000
36.33810707324487 127.35955262891484 36.338112426068605 127.35953215089083 30000 120000
36.338112426068605 127.35953215089083 36.33816270382881 127.35961540010722 30000 90000
36.33816270382881 127.35961540010722 36.338110765909995 127.35954045442617 30000 60000
36.338110765909995 127.35954045442617 36.34046290173478 127.36037313001549 240000 60000
36.34046290173478 127.36037313001549 36.35195145491496 127.37156258883988 510000 30000
36.35195145491496 127.37156258883988 36.351792675401626 127.3713452896707 30000 30000
36.351792675401626 127.3713452896707 36.351823170874354 127.37151246125147 60000 30000
36.351823170874354 127.37151246125147 36.35182286866353 127.37153696846451 30000 30000
36.35182286866353 127.37153696846451 36.364961279697525 127.37081460023875 360000 30000
36.364961279697525 127.37081460023875 36.37322333692287 127.36262682550442 120000 30000
36.37322333692287 127.36262682550442 36.36850350831455 127.35336099953724 270000 60000
36.36850350831455 127.35336099953724 36.37017085416316 127.3496544693846 210000 120000
36.37017085416316 127.3496544693846 36.369838160363315 127.34856379244535 240000 30000
36.369838160363315 127.34856379244535 36.36993642030384 127.3491798200292 60000 30000
36.36993642030384 127.3491798200292 36.368597972471164 127.3532345714499 120000 30000
36.368597972471164 127.3532345714499 36.368490009389944 127.3533540193291 30000 30000
36.368490009389944 127.3533540193291 36.368485738104326 127.35332688985787 30000 90000
36.368485738104326 127.35332688985787 36.36801529877707 127.34958535937588 210000 90000
36.36801529877707 127.34958535937588 36.369865359638695 127.34798001520258 300000 1980000
36.369865359638695 127.34798001520258 36.36988080069686 127.34793371798173 180000 30000
36.36988080069686 127.34793371798173 36.368498632592434 127.35320242844742 210000 30000
36.368498632592434 127.35320242844742 36.36844018830402 127.35331505266512 30000 30000
36.36844018830402 127.35331505266512 36.368489373886646 127.35325617842172 30000 30000
36.368489373886646 127.35325617842172 36.368491368645486 127.35331869743914 30000 180000
36.368491368645486 127.35331869743914 36.36849931598296 127.3533319768208 30000 60000
36.36849931598296 127.3533319768208 36.36848500572347 127.3533303098983 30000 120000
36.36848500572347 127.3533303098983 36.36847691502149 127.35339502918445 30000 450000
36.36847691502149 127.35339502918445 36.36850343579308 127.35332522278418 30000 120000
36.36850343579308 127.35332522278418 36.36848832906112 127.3532884674942 30000 150000
36.36848832906112 127.3532884674942 36.368515830595356 127.35325460936338 30000 90000
36.368515830595356 127.35325460936338 36.36848067699663 127.3532148635225 30000 60000
36.36848067699663 127.3532148635225 36.368407150789 127.35343653780123 60000 30000
36.368407150789 127.35343653780123 36.36845612909684 127.35336612851151 30000 390000
36.36845612909684 127.35336612851151 36.368387838493 127.35342707214528 90000 30000
36.368387838493 127.35342707214528 36.3683933061372 127.35334431507216 30000 240000
36.3683933061372 127.35334431507216 36.36836776157146 127.35332710840781 60000 60000
36.36836776157146 127.35332710840781 36.36838621683896 127.35338537482198 30000 90000
36.36838621683896 127.35338537482198 36.368386893744834 127.35331686684637 60000 30000
36.368386893744834 127.35331686684637 36.36840457694952 127.35320669658283 30000 30000
36.36840457694952 127.35320669658283 36.36840617908385 127.35315996149313 30000 120000
36.36840617908385 127.35315996149313 36.36842337711098 127.35323006918024 30000 30000
36.36842337711098 127.35323006918024 36.368426262216246 127.35318890510499 30000 60000
36.368426262216246 127.35318890510499 36.36845396934018 127.35318570557078 30000 30000
36.36845396934018 127.35318570557078 36.368449290983754 127.35326117320278 30000 30000
36.368449290983754 127.35326117320278 36.36845217613505 127.35319027379586 90000 90000
36.36845217613505 127.35319027379586 36.3684257867998 127.35327929792837 30000 90000
36.3684257867998 127.35327929792837 36.36848015049511 127.35317825112334 30000 30000
36.36848015049511 127.35317825112334 36.36841380700642 127.35321571282972 60000 60000
36.36841380700642 127.35321571282972 36.368515895037696 127.3532944431737 60000 90000
36.368515895037696 127.3532944431737 36.3684107969478 127.35344017779138 60000 60000
36.3684107969478 127.35344017779138 36.368399308747996 127.35338105394005 30000 30000
36.368399308747996 127.35338105394005 36.3684234469741 127.35341636334414 30000 90000
36.3684234469741 127.35341636334414 36.36842552082774 127.35348782338008 30000 60000
36.36842552082774 127.35348782338008 36.36840727513333 127.35340584143816 30000 30000
36.36840727513333 127.35340584143816 36.36837139617873 127.35354356639289 30000 30000
36.36837139617873 127.35354356639289 36.368394383895776 127.35342648942249 30000 30000
36.368394383895776 127.35342648942249 36.36841569951511 127.35341031620449 60000 120000
36.36841569951511 127.35341031620449 36.36836267810523 127.35352567995083 30000 60000
36.36836267810523 127.35352567995083 36.36838786892589 127.35355389177019 30000 240000
36.36838786892589 127.35355389177019 36.368363095385064 127.35347001749143 30000 360000
36.368363095385064 127.35347001749143 36.36840407839671 127.35360284447306 60000 60000
36.36840407839671 127.35360284447306 36.3683760201161 127.35357517354366 30000 60000
36.3683760201161 127.35357517354366 36.36842907890298 127.3535718751207 30000 210000
36.36842907890298 127.3535718751207 36.36839839001914 127.35354235436955 30000 90000
36.36839839001914 127.35354235436955 36.3684723117139 127.35363257412547 30000 90000
36.3684723117139 127.35363257412547 36.36843860227869 127.35366063701181 30000 60000
36.36843860227869 127.35366063701181 36.36842153164106 127.35364058919572 30000 120000
36.36842153164106 127.35364058919572 36.36842601511207 127.35362000715043 60000 30000
36.36842601511207 127.35362000715043 36.36839218860176 127.35357770512138 30000 60000
36.36839218860176 127.35357770512138 36.36841975977027 127.35364620120046 30000 30000
36.36841975977027 127.35364620120046 36.368414188473935 127.35361363846242 30000 180000
36.368414188473935 127.35361363846242 36.36848314306194 127.35371988300028 30000 330000
36.36848314306194 127.35371988300028 36.36844681281869 127.3537052876439 90000 30000
36.36844681281869 127.3537052876439 36.36839186888534 127.35358001390803 30000 30000
36.36839186888534 127.35358001390803 36.368560687289644 127.3537578312349 60000 150000
36.368560687289644 127.3537578312349 36.368360863050185 127.35352590349584 60000 30000
36.368360863050185 127.35352590349584 36.3684388102006 127.35349577250227 60000 30000
36.3684388102006 127.35349577250227 36.36848374483527 127.35341329580426 90000 30000
36.36848374483527 127.35341329580426 36.36837518933925 127.35356028393976 30000 60000
36.36837518933925 127.35356028393976 36.36847313374004 127.3533773431476 30000 60000
36.36847313374004 127.3533773431476 36.36849226057179 127.35327668669073 30000 30000
36.36849226057179 127.35327668669073 36.36850821781049 127.35335513663371 30000 60000
36.36850821781049 127.35335513663371 36.368506807692555 127.35333303897303 30000 450000
36.368506807692555 127.35333303897303 36.36853510787555 127.35336701251833 30000 120000
36.36853510787555 127.35336701251833 36.3684937622105 127.35332760867243 30000 120000
36.3684937622105 127.35332760867243 36.3685190864747 127.3533350906019 30000 150000
36.3685190864747 127.3533350906019 36.36845921575175 127.35337097721029 30000 60000
36.36845921575175 127.35337097721029 36.36851948131475 127.35324410391175 30000 30000
36.36851948131475 127.35324410391175 36.36854930252914 127.35339363734276 30000 30000
36.36854930252914 127.35339363734276 36.368462830224956 127.35342141815659 30000 60000
36.368462830224956 127.35342141815659 36.36844581353917 127.35339527002748 30000 90000
36.36844581353917 127.35339527002748 36.368581914883535 127.353439815038 30000 30000
36.368581914883535 127.353439815038 36.368584098840486 127.35292796780263 30000 30000
36.368584098840486 127.35292796780263 36.37093526366512 127.34604863969693 390000 30000
