36.368205976067145 127.36625915016772 36.372299278720035 127.35508753187604 810000 300000
36.372299278720035 127.35508753187604 36.37225726292587 127.35461576405193 30000 30000
36.37225726292587 127.35461576405193 36.371130768243404 127.3597172499837 360000 6270000
36.371130768243404 127.3597172499837 36.370833751813436 127.36026635243672 30000 30000
36.370833751813436 127.36026635243672 36.37080099174312 127.36009469739656 30000 30000
36.37080099174312 127.36009469739656 36.370363384975725 127.35999711916232 120000 60000
36.370363384975725 127.35999711916232 36.370745223082224 127.36039672231145 120000 240000
36.370745223082224 127.36039672231145 36.370726767871574 127.36040760651505 30000 30000
36.370726767871574 127.36040760651505 36.37064706373687 127.36024169652899 30000 30000
36.37064706373687 127.36024169652899 36.37068840675579 127.36023213137312 30000 30000
36.37068840675579 127.36023213137312 36.37052915975039 127.36039276342531 120000 30000
36.37052915975039 127.36039276342531 36.37195746631326 127.35413914380293 540000 30000
36.37195746631326 127.35413914380293 36.36839218053468 127.3657852510723 690000 11550000
36.36839218053468 127.3657852510723 36.36806151754844 127.36629732919963 90000 30000
36.36806151754844 127.36629732919963 36.36801410184834 127.36623653167055 30000 30000
36.36801410184834 127.36623653167055 36.36803512406072 127.36651944967939 90000 780000
36.36803512406072 127.36651944967939 36.36795098761628 127.36656144940787 30000 60000
36.36795098761628 127.36656144940787 36.36794163912406 127.36657414828355 30000 120000
36.36794163912406 127.36657414828355 36.36811918004442 127.36653547444246 60000 750000
36.36811918004442 127.36653547444246 36.3681911474078 127.36648476136207 30000 30000
36.3681911474078 127.36648476136207 36.36809119728105 127.36637865594145 90000 30000
36.36809119728105 127.36637865594145 36.368109470657934 127.36628602778076 60000 30000
36.368109470657934 127.36628602778076 36.36823167783908 127.36629993456009 30000 60000
36.36823167783908 127.36629993456009 36.36833927711751 127.36630617471981 30000 30000
36.36833927711751 127.36630617471981 36.368446876395936 127.36631241487954 30000 30000
36.368446876395936 127.36631241487954 36.36814758596311 127.36631744370517 30000 30000
36.36814758596311 127.36631744370517 36.368010893176496 127.36620206939348 120000 330000
36.368010893176496 127.36620206939348 36.368038897187866 127.36634920674315 30000 60000
36.368038897187866 127.36634920674315 36.36806856918088 127.36650213295873 30000 60000
36.36806856918088 127.36650213295873 36.36819764839665 127.36627014474202 90000 60000
36.36819764839665 127.36627014474202 36.36790963120844 127.36661565327026 240000 60000
36.36790963120844 127.36661565327026 36.36799871185355 127.36638048852654 180000 30000
36.36799871185355 127.36638048852654 36.36829305962001 127.366422893671 210000 30000
36.36829305962001 127.366422893671 36.367849735620396 127.36659713405305 90000 30000
36.367849735620396 127.36659713405305 36.36807973096686 127.36637814016147 210000 30000
36.36807973096686 127.36637814016147 36.3679603763799 127.36654248354965 60000 30000
36.3679603763799 127.36654248354965 36.368326378352336 127.366255439349 30000 30000
36.368326378352336 127.366255439349 36.368095969969495 127.36649457403702 690000 30000
36.368095969969495 127.36649457403702 36.36810275293267 127.36661025905525 90000 90000
36.36810275293267 127.36661025905525 36.36817565720691 127.36668441654143 30000 30000
36.36817565720691 127.36668441654143 36.36834604240314 127.36632528323656 30000 90000
36.36834604240314 127.36632528323656 36.36802577063221 127.36673048783717 90000 30000
36.36802577063221 127.36673048783717 36.36812421696308 127.36610000182428 120000 30000
36.36812421696308 127.36610000182428 36.36817647991949 127.36617685484686 60000 30000
36.36817647991949 127.36617685484686 36.368072195763354 127.36628207404463 30000 30000
36.368072195763354 127.36628207404463 36.36817112066919 127.36648294724927 60000 30000
36.36817112066919 127.36648294724927 36.36806248465423 127.36646422866664 30000 30000
36.36806248465423 127.36646422866664 36.36803028866072 127.3662451319448 60000 30000
36.36803028866072 127.3662451319448 36.368047212672025 127.3661536009011 30000 30000
36.368047212672025 127.3661536009011 36.3679553394403 127.36635068088432 30000 30000
