36.371157833272015 127.34609090330859 36.37107596940319 127.34618719489553 210000 60000
36.37107596940319 127.34618719489553 36.370962606684714 127.3460594309983 540000 60000
36.370962606684714 127.3460594309983 36.371057779437656 127.34605358730037 150000 150000
36.371057779437656 127.34605358730037 36.37108979062717 127.34606332864911 60000 90000
36.37108979062717 127.34606332864911 36.371136287169556 127.34600777240182 30000 60000
36.371136287169556 127.34600777240182 36.371016089888656 127.34602176173445 90000 120000
36.371016089888656 127.34602176173445 36.37110598256082 127.34597656943166 30000 90000
36.37110598256082 127.34597656943166 36.37099975219896 127.3460062386169 60000 90000
36.37099975219896 127.3460062386169 36.37096682564894 127.34608430648359 60000 60000
36.37096682564894 127.34608430648359 36.371042171062065 127.34605969762781 30000 60000
36.371042171062065 127.34605969762781 36.37094600903827 127.34603026205382 150000 150000
36.37094600903827 127.34603026205382 36.37107733068081 127.34597377815045 60000 60000
36.37107733068081 127.34597377815045 36.37102621014558 127.34592448207742 30000 90000
36.37102621014558 127.34592448207742 36.37112819739815 127.34591422949379 30000 60000
36.37112819739815 127.34591422949379 36.37108455759731 127.34593265110857 210000 90000
36.37108455759731 127.34593265110857 36.37088611145004 127.34587931579794 120000 60000
36.37088611145004 127.34587931579794 36.37103628660239 127.34586347798215 60000 60000
36.37103628660239 127.34586347798215 36.370904873981786 127.34590146258364 120000 60000
36.370904873981786 127.34590146258364 36.37090226183613 127.34584255502872 420000 210000
36.37090226183613 127.34584255502872 36.37081473044756 127.34583274642968 150000 120000
36.37081473044756 127.34583274642968 36.37085744540591 127.34584836356616 60000 90000
36.37085744540591 127.34584836356616 36.37072073961307 127.34553741096151 240000 120000
36.37072073961307 127.34553741096151 36.371021277958214 127.34599945491387 3150000 90000
36.371021277958214 127.34599945491387 36.371098198867166 127.34593673016509 60000 60000
36.371098198867166 127.34593673016509 36.37098154418121 127.34603323610851 90000 60000
36.37098154418121 127.34603323610851 36.37250551952022 127.35557102738055 1650000 60000
36.37250551952022 127.35557102738055 36.37260669820858 127.35555239144014 90000 60000
36.37260669820858 127.35555239144014 36.372389901671205 127.35560868980413 630000 60000
36.372389901671205 127.35560868980413 36.372080669914425 127.35488548183372 570000 60000
36.372080669914425 127.35488548183372 36.372314884944814 127.35487683316529 3660000 3360000
36.372314884944814 127.35487683316529 36.36809112053011 127.35776013896853 2250000 3570000
36.36809112053011 127.35776013896853 36.36752667830605 127.35751160280441 660000 360000
36.36752667830605 127.35751160280441 36.36854228039922 127.3578399592956 120000 510000
36.36854228039922 127.3578399592956 36.36818109113361 127.35714715601867 60000 1170000
36.36818109113361 127.35714715601867 36.36766182863794 127.35832565028592 90000 1260000
36.36766182863794 127.35832565028592 36.37426716027202 127.35782972243089 630000 1650000
36.37426716027202 127.35782972243089 36.37424106499556 127.35790028740197 30000 780000
36.37424106499556 127.35790028740197 36.37442026638186 127.35848052043185 60000 390000
36.37442026638186 127.35848052043185 36.36863719794107 127.36647075262327 570000 420000
36.36863719794107 127.36647075262327 36.36919774215965 127.36643995798784 420000 10290000
36.36919774215965 127.36643995798784 36.3692060467496 127.36634857995666 30000 60000
36.3692060467496 127.36634857995666 36.36919651447596 127.36628321753 30000 120000
36.36919651447596 127.36628321753 36.36923111402204 127.36632726632297 90000 60000
36.36923111402204 127.36632726632297 36.36921378771794 127.36630358515298 180000 90000
36.36921378771794 127.36630358515298 36.369235493402236 127.36641806199037 30000 60000
36.369235493402236 127.36641806199037 36.3692334330258 127.36646674100814 480000 60000
36.3692334330258 127.36646674100814 36.369221717842045 127.3662826240181 300000 60000
