36.37261992017553 127.34915359768411 36.370144178664205 127.34997325252213 390000 9870000
36.370144178664205 127.34997325252213 36.369282638434676 127.34574495877837 1260000 480000
36.369282638434676 127.34574495877837 36.369632348103664 127.34598268252486 330000 420000
36.369632348103664 127.34598268252486 36.369263324053605 127.34586838158808 210000 420000
36.369263324053605 127.34586838158808 36.36929741387389 127.34583781637332 420000 750000
36.36929741387389 127.34583781637332 36.36942433687729 127.34601799956283 150000 60000
36.36942433687729 127.34601799956283 36.3690134933429 127.34461993357262 450000 120000
36.3690134933429 127.34461993357262 36.369279026928616 127.34532304453249 750000 720000
36.369279026928616 127.34532304453249 36.36920229112446 127.34535348252331 30000 60000
36.36920229112446 127.34535348252331 36.36894579722093 127.34552699616783 150000 60000
36.36894579722093 127.34552699616783 36.36875560354502 127.34518726001023 300000 630000
36.36875560354502 127.34518726001023 36.36951557253598 127.34573644523054 480000 210000
36.36951557253598 127.34573644523054 36.36927310186379 127.34559277171473 60000 360000
36.36927310186379 127.34559277171473 36.36920058896298 127.3455863852774 60000 3900000
36.36920058896298 127.3455863852774 36.370754249197155 127.34854009344039 2430000 3930000
36.370754249197155 127.34854009344039 36.3691685495622 127.36211865473356 1440000 3180000
36.3691685495622 127.36211865473356 36.36913417769868 127.36217612879658 30000 120000
36.36913417769868 127.36217612879658 36.36911154516593 127.36226092730128 30000 90000
36.36911154516593 127.36226092730128 36.368868107988554 127.36213514627624 420000 60000
36.368868107988554 127.36213514627624 36.3692015379821 127.36205587357831 780000 120000
36.3692015379821 127.36205587357831 36.369123499443404 127.36219056088083 180000 60000
36.369123499443404 127.36219056088083 36.369047744362646 127.36232579662766 30000 90000
36.369047744362646 127.36232579662766 36.36908944990782 127.36223508978661 30000 90000
36.36908944990782 127.36223508978661 36.36854042685378 127.36799686240106 210000 90000
36.36854042685378 127.36799686240106 36.3660711324384 127.37452991249488 540000 60000
36.3660711324384 127.37452991249488 36.36947866201282 127.34625594473881 3930000 2250000
36.36947866201282 127.34625594473881 36.36939565374669 127.34597937306737 960000 60000
