36.370313418901794 127.3482877650951 36.370339745152954 127.34816462447549 450000 60000
36.370339745152954 127.34816462447549 36.37027258639613 127.34822509528601 270000 60000
36.37027258639613 127.34822509528601 36.37226210330217 127.35402257877604 3870000 60000
36.37226210330217 127.35402257877604 36.37219392627574 127.35405785900258 30000 60000
36.37219392627574 127.35405785900258 36.37207319410754 127.35374325218626 1590000 60000
36.37207319410754 127.35374325218626 36.372270060893214 127.35359774495554 1680000 90000
36.372270060893214 127.35359774495554 36.37213814989078 127.3538848364562 1740000 420000
36.37213814989078 127.3538848364562 36.368312248141144 127.36633369414112 3210000 60000
36.368312248141144 127.36633369414112 36.37005951342248 127.34750289820298 1350000 60000
36.37005951342248 127.34750289820298 36.370313318153634 127.34831920308372 990000 450000
36.370313318153634 127.34831920308372 36.370248677831476 127.34814153558916 60000 210000
36.370248677831476 127.34814153558916 36.37028118265233 127.34832981981936 180000 60000
36.37028118265233 127.34832981981936 36.37027258633848 127.34817644377837 60000 60000
36.37027258633848 127.34817644377837 36.37027698045717 127.34837364154664 390000 60000
36.37027698045717 127.34837364154664 36.37029246536882 127.34831937486165 180000 180000
36.37029246536882 127.34831937486165 36.370346864010486 127.34838396872448 270000 60000
36.370346864010486 127.34838396872448 36.370336890851206 127.34832281070962 90000 150000
36.370336890851206 127.34832281070962 36.37032268683702 127.3485684047311 360000 90000
36.37032268683702 127.3485684047311 36.37022305671803 127.34836486539132 270000 60000
36.37022305671803 127.34836486539132 36.370273526568646 127.34838939733118 120000 90000
36.370273526568646 127.34838939733118 36.36903444683521 127.36480125266823 6420000 90000
36.36903444683521 127.36480125266823 36.36802920320553 127.36675052663911 360000 240000
36.36802920320553 127.36675052663911 36.36826480716241 127.36733443162163 120000 150000
36.36826480716241 127.36733443162163 36.36844694175232 127.36609422954008 150000 810000
36.36844694175232 127.36609422954008 36.368047137152665 127.36631738757131 60000 420000
36.368047137152665 127.36631738757131 36.367898120136196 127.36624760569204 60000 450000
36.367898120136196 127.36624760569204 36.3681044319083 127.36659558786825 330000 330000
