36.37203080339416 127.3547097687332 36.36822330301748 127.36621132316826 1170000 4650000
36.36822330301748 127.36621132316826 36.3682263923418 127.36625832544537 120000 60000
36.3682263923418 127.36625832544537 36.36815318927097 127.36632738597434 690000 60000
36.36815318927097 127.36632738597434 36.36821712443215 127.36628842346431 450000 90000
36.36821712443215 127.36628842346431 36.36826897102116 127.36617201721323 60000 150000
36.36826897102116 127.36617201721323 36.368378305524296 127.3660994520496 30000 60000
36.368378305524296 127.3660994520496 36.36820452186954 127.36630337528139 120000 60000
36.36820452186954 127.36630337528139 36.36840219711197 127.3661388533914 810000 60000
36.36840219711197 127.3661388533914 36.36853639732803 127.36631137483566 480000 60000
36.36853639732803 127.36631137483566 36.36826400127828 127.36622671574617 420000 60000
36.36826400127828 127.36622671574617 36.36830228179445 127.36629089727688 30000 60000
36.36830228179445 127.36629089727688 36.36821967645077 127.3663234689324 90000 90000
