36.3690297726348 127.36293451786737 36.36904331190513 127.36296667727872 60000 270000
36.36904331190513 127.36296667727872 36.36903499728183 127.36292687125754 180000 120000
36.36903499728183 127.36292687125754 36.369033640992626 127.36282179484752 30000 1200000
36.369033640992626 127.36282179484752 36.36901931381345 127.36294644733458 30000 90000
36.36901931381345 127.36294644733458 36.36927001218938 127.34584517138585 720000 240000
36.36927001218938 127.34584517138585 36.36932947553405 127.3457561807388 180000 60000
36.36932947553405 127.3457561807388 36.369625175637786 127.34548906455478 210000 330000
36.369625175637786 127.34548906455478 36.36936889761229 127.34605474178255 330000 420000
36.36936889761229 127.34605474178255 36.36976686103244 127.34622629630454 120000 450000
36.36976686103244 127.34622629630454 36.37216297196188 127.35462895770978 630000 570000
36.37216297196188 127.35462895770978 36.37200165179159 127.3547821189801 60000 930000
36.37200165179159 127.3547821189801 36.36929878399385 127.34573314678103 1590000 4260000
