36.368307520170774 127.36578912692538 36.36906184774634 127.36845259257667 240000 360000
36.36906184774634 127.36845259257667 36.372089634474214 127.35442940393835 1050000 13410000
36.372089634474214 127.35442940393835 36.37475315197662 127.35684054157748 720000 5250000
36.37475315197662 127.35684054157748 36.36857991622693 127.36769395828507 1620000 330000
36.36857991622693 127.36769395828507 36.36861752514931 127.36755267651007 1410000 60000
36.36861752514931 127.36755267651007 36.36845741860235 127.36617174251103 600000 60000
36.36845741860235 127.36617174251103 36.368214438060726 127.36617153612 240000 960000
36.368214438060726 127.36617153612 36.36817132208863 127.36595404714987 30000 90000
36.36817132208863 127.36595404714987 36.36805930122764 127.36647684498288 180000 960000
36.36805930122764 127.36647684498288 36.3722793938118 127.35501881138963 1080000 1020000
36.3722793938118 127.35501881138963 36.3723706943888 127.355271927652 660000 510000
36.3723706943888 127.355271927652 36.37273065664528 127.3553833129697 480000 330000
36.37273065664528 127.3553833129697 36.371125771576835 127.35230687725685 150000 210000
36.371125771576835 127.35230687725685 36.372269957098524 127.35559669836626 210000 210000
36.372269957098524 127.35559669836626 36.3681861507787 127.36633352920082 1110000 1950000
36.3681861507787 127.36633352920082 36.36816766867597 127.3663739347312 330000 90000
36.36816766867597 127.3663739347312 36.36782224413813 127.3665078501614 780000 60000
36.36782224413813 127.3665078501614 36.36784267385516 127.36640757863144 60000 90000
36.36784267385516 127.36640757863144 36.36783676390471 127.36624177848033 210000 60000
36.36783676390471 127.36624177848033 36.36780388296261 127.36640296087046 210000 60000
36.36780388296261 127.36640296087046 36.36812840769162 127.3662685505743 360000 60000
36.36812840769162 127.3662685505743 36.3682744779587 127.36631192446659 60000 90000
36.3682744779587 127.36631192446659 36.36795695134328 127.3663548038478 120000 5730000
36.36795695134328 127.3663548038478 36.36815700255022 127.36636894930122 810000 270000
36.36815700255022 127.36636894930122 36.368186097029614 127.36628581212278 360000 60000
