36.36814956267999 127.36616679472554 36.36804882448486 127.36462643699316 900000 570000
36.36804882448486 127.36462643699316 36.36779262714133 127.34920835126076 4560000 300000
36.36779262714133 127.34920835126076 36.36781052978515 127.34941285262546 120000 90000
36.36781052978515 127.34941285262546 36.36784251268204 127.34954885704016 30000 180000
36.36784251268204 127.34954885704016 36.36723083040765 127.34776496714197 750000 240000
36.36723083040765 127.34776496714197 36.3666255953765 127.34830590631594 630000 450000
36.3666255953765 127.34830590631594 36.36701988466523 127.34836404083983 570000 480000
36.36701988466523 127.34836404083983 36.36699812521833 127.34845557169203 570000 90000
36.36699812521833 127.34845557169203 36.36700598278944 127.34822509528951 210000 90000
36.36700598278944 127.34822509528951 36.36655225796813 127.34770394652762 1440000 210000
36.36655225796813 127.34770394652762 36.36663628710004 127.34876537483137 1440000 270000
36.36663628710004 127.34876537483137 36.366568859674885 127.34866587277668 150000 60000
36.366568859674885 127.34866587277668 36.36667192614306 127.34859328919794 270000 60000
36.36667192614306 127.34859328919794 36.36646602611929 127.34854669023903 60000 600000
36.36646602611929 127.34854669023903 36.367148584861305 127.34806371334477 6420000 1110000
36.367148584861305 127.34806371334477 36.36719617651112 127.3476198371337 330000 1110000
36.36719617651112 127.3476198371337 36.367458901662225 127.3469733488196 270000 810000
36.367458901662225 127.3469733488196 36.367883613820545 127.3479348353099 840000 600000
36.367883613820545 127.3479348353099 36.36656354065364 127.3481310906237 210000 450000
36.36656354065364 127.3481310906237 36.367209070997596 127.34811294937533 120000 1230000
36.367209070997596 127.34811294937533 36.36654097532064 127.34824818410735 120000 330000
36.36654097532064 127.34824818410735 36.36691967032262 127.34806609363841 240000 270000
36.36691967032262 127.34806609363841 36.36687381427428 127.3480362613757 30000 240000
36.36687381427428 127.3480362613757 36.36673473518454 127.34793809245217 60000 60000
36.36673473518454 127.34793809245217 36.36692842244364 127.34806848682167 390000 90000
36.36692842244364 127.34806848682167 36.36672190113063 127.3479908669747 60000 120000
36.36672190113063 127.3479908669747 36.36680394228376 127.34809332383678 30000 90000
36.36680394228376 127.34809332383678 36.36675657782107 127.34808610961936 30000 60000
36.36675657782107 127.34808610961936 36.36659958450692 127.34806482363706 210000 60000
36.36659958450692 127.34806482363706 36.366256339782645 127.34790817430408 480000 60000
36.366256339782645 127.34790817430408 36.36631364854321 127.34796638456939 30000 90000
36.36631364854321 127.34796638456939 36.36671182735057 127.3480783160695 480000 90000
36.36671182735057 127.3480783160695 36.36687300839191 127.34872975207665 750000 6840000
36.36687300839191 127.34872975207665 36.3726972877348 127.3541754263624 2400000 5550000
